127
1 1
2 2
4 4
8 8
16 16
32 32
64 16
80 8
88 4
92 1
93 8
101 4
105 2
107 1
108 108
216 216
432 432
864 108
972 32
1004 16
1020 2
1022 1
1023 1023
2046 1023
3069 1022
4091 4091
8182 8182
16364 3069
19433 432
19865 108
19973 16
19989 8
19997 1
19998 19998
39996 39996
79992 39996
119988 3069
123057 216
123273 32
123305 16
123321 39996
163317 19998
183315 16364
199679 216
199895 101
199996 1
199997 1023
201020 972
201992 16
202008 8
202016 4
202020 2
202022 202016
404038 2
404040 1
404041 79992
484033 8182
492215 4091
496306 3069
499375 432
499807 108
499915 80
499995 4
499999 1
500000 79992
579992 19998
599990 64
600054 8
600062 1
600063 119988
720051 1023
721074 8
721082 8
721090 2
721092 720051
1441143 1020
1442163 4091
1446254 3069
1449323 432
1449755 216
1449971 16
1449987 8
1449995 4
1449999 1
1450000 8182
1458182 1023
1459205 432
1459637 216
1459853 108
1459961 32
1459993 4
1459997 2
1459999 500000
1959999 19998
1979997 19989
1999986 4
1999990 2
1999992 1
1999993 4
1999997 2
1999999 1
2000000 1979997
3979997 19973
3999970 2
3999972 1
3999973 3999973
7999946 7999946
15999892 15999892
31999784 31999784
63999568 63999568
127999136 127999136
255998272 255998272
511996544 255998272
767994816 127999136
895993952 63999568
959993520 31999784
991993304 3999973
995993277 4091
995997368 2046
995999414 432
995999846 108
995999954 64
996000018 8
996000026 2
996000028 3979997
999980025 19865
999999890 107
