427
1 1
2 2
4 4
8 8
16 16
32 32
64 64
128 128
256 256
512 512
1024 1024
2048 2048
4096 4096
8192 8192
16384 16384
32768 32768
65536 65536
131072 131072
262144 262144
524288 524288
1048576 1048576
2097152 2097152
4194304 4194304
8388608 8388608
16777216 16777216
33554432 32
33554464 2
33554466 1
33554467 4
33554471 2
33554473 16
33554489 8
33554497 4
33554501 2
33554503 4
33554507 2
33554509 8
33554517 2
33554519 8
33554527 32
33554559 16
33554575 4
33554579 2
33554581 8
33554589 4
33554593 32
33554625 8
33554633 4
33554637 2
33554639 2
33554641 32
33554673 16
33554689 4
33554693 4
33554697 2
33554699 32
33554731 4
33554735 2
33554737 4
33554741 2
33554743 16
33554759 2
33554761 8
33554769 2
33554771 16
33554787 2
33554789 32
33554821 8
33554829 2
33554831 8
33554839 8
33554847 2
33554849 16
33554865 2
33554867 16
33554883 8
33554891 8
33554899 4
33554903 16
33554919 8
33554927 2
33554929 16
33554945 4
33554949 2
33554951 8
33554959 8
33554967 4
33554971 4
33554975 2
33554977 16
33554993 16
33555009 8
33555017 2
33555019 16
33555035 2
33555037 16
33555053 8
33555061 8
33555069 4
33555073 4
33555077 2
33555079 8
33555087 2
33555089 8
33555097 4
33555101 16
33555117 8
33555125 4
33555129 2
33555131 16
33555147 2
33555149 8
33555157 4
33555161 2
33555163 4
33555167 16
33555183 8
33555191 8
33555199 8
33555207 2
33555209 8
33555217 16
33555233 8
33555241 8
33555249 2
33555251 8
33555259 8
33555267 4
33555271 8
33555279 2
33555281 2
33555283 4
33555287 2
33555289 4
33555293 16
33555309 8
33555317 16
33555333 8
33555341 32
33555373 4
33555377 4
33555381 2
33555383 8
33555391 4
33555395 2
33555397 16
33555413 4
33555417 2
33555419 2
33555421 16
33555437 2
33555439 8
33555447 2
33555449 8
33555457 4
33555461 8
33555469 8
33555477 4
33555481 8
33555489 4
33555493 4
33555497 2
33555499 16
33555515 2
33555517 8
33555525 2
33555527 16
33555543 8
33555551 2
33555553 8
33555561 2
33555563 16
33555579 4
33555583 16
33555599 8
33555607 4
33555611 4
33555615 2
33555617 8
33555625 4
33555629 16
33555645 2
33555647 8
33555655 4
33555659 2
33555661 4
33555665 2
33555667 8
33555675 4
33555679 16
33555695 4
33555699 2
33555701 2
33555703 16
33555719 8
33555727 8
33555735 2
33555737 8
33555745 4
33555749 2
33555751 4
33555755 2
33555757 32
33555789 8
33555797 2
33555799 16
33555815 2
33555817 32
33555849 4
33555853 4
33555857 2
33555859 16
33555875 8
33555883 16
33555899 2
33555901 8
33555909 4
33555913 16
33555929 2
33555931 16
33555947 8
33555955 4
33555959 8
33555967 4
33555971 16
33555987 2
33555989 8
33555997 8
33556005 4
33556009 16
33556025 2
33556027 8
33556035 2
33556037 8
33556045 4
33556049 2
33556051 8
33556059 4
33556063 4
33556067 2
33556069 16
33556085 2
33556087 4
33556091 32
33556123 32
33556155 2
33556157 16
33556173 8
33556181 2
33556183 4
33556187 2
33556189 16
33556205 2
33556207 16
33556223 8
33556231 64
33556295 4
33556299 2
33556301 32
33556333 4
33556337 2
33556339 4
33556343 8
33556351 4
33556355 2
33556357 4
33556361 16
33556377 4
33556381 16
33556397 2
33556399 4
33556403 16
33556419 4
33556423 4
33556427 2
33556429 16
33556445 8
33556453 4
33556457 2
33556459 16
33556475 8
33556483 8
33556491 2
33556493 4
33556497 2
33556499 8
33556507 16
33556523 4
33556527 2
33556529 2
33556531 16
33556547 8
33556555 4
33556559 8
33556567 4
33556571 16
33556587 8
33556595 2
33556597 16
33556613 32
33556645 16
33556661 8
33556669 4
33556673 8
33556681 16
33556697 8
33556705 4
33556709 2
33556711 8
33556719 4
33556723 32
33556755 8
33556763 4
33556767 2
33556769 32
33556801 8
33556809 2
33556811 8
33556819 4
33556823 8
33556831 4
33556835 2
33556837 4
33556841 4
33556845 2
33556847 16
33556863 4
33556867 8
33556875 2
33556877 2
33556879 8
33556887 2
33556889 8
33556897 4
33556901 2
33556903 16
33556919 2
33556921 4
33556925 2
33556927 8
33556935 2
33556937 16
33556953 8
33556961 8
33556969 16
33556985 8
33556993 16
33557009 2
33557011 32
33557043 4
33557047 8
33557055 2
33557057 4
33557061 2
33557063 8
33557071 4
33557075 2
33557077 8
33557085 2
33557087 8
33557095 4
33557099 2
33557101 16
33557117 2
33557119 8
33557127 4
33557131 8
33557139 4
33557143 32
33557175 16
33557191 4
33557195 2
33557197 4
33557201 2
33557203 32
33557235 16
33557251 4
33557255 2
33557257 32
33557289 16
33557305 8
33557313 4
33557317 4
33557321 2
33557323 4
33557327 8
33557335 4
33557339 2
33557341 16
33557357 16
33557373 8
33557381 4
33557385 2
33557387 8
33557395 4
33557399 8
33557407 4
33557411 2
33557413 4
33557417 4
33557421 2
33557423 4
33557427 2
33557429 16
33557445 8
33557453 8
33557461 4
33557465 2
33557467 4
33557471 32
33557503 4
33557507 2
33557509 8
33557517 4
33557521 16
33557537 4
33557541 2
33557543 16
33557559 2
33557561 4
33557565 2
33557567 16
33557583 8
33557591 4
33557595 2
33557597 4
33557601 2
