72
1 1
2 1
3 2
5 3
8 1
9 8
17 9
26 5
31 2
33 31
64 1
65 64
129 65
194 33
227 26
253 3
256 1
257 256
513 257
770 253
1023 2
1025 1023
2048 1
2049 2048
4097 2049
6146 1025
7171 770
7941 227
8168 17
8185 8
8193 8185
16378 5
16383 2
16385 16383
32768 1
32769 32768
65537 32769
98306 16385
114691 16378
131069 3
131072 1
131073 131072
262145 131073
393218 131069
524287 2
524289 524287
1048576 1
1048577 1048576
2097153 1048577
3145730 524289
3670019 393218
4063237 114691
4177928 8193
4186121 8168
4194289 9
4194298 5
4194303 2
4194305 4194303
8388608 1
8388609 8388608
16777217 8388609
25165826 4194305
29360131 4194298
33554429 3
33554432 1
33554433 33554432
67108865 33554433
100663298 33554429
134217727 2
134217729 134217727
268435456 1
268435457 268435456
