124
1 1
2 2
4 1
5 5
10 2
12 5
17 1
18 5
23 4
27 5
32 2
34 1
35 5
40 2
42 18
60 42
102 10
112 2
114 1
115 5
120 1
121 5
126 1
127 27
154 4
158 5
163 12
175 4
179 5
184 2
186 12
198 1
199 5
204 2
206 1
207 12
219 2
221 1
222 60
282 5
287 1
288 1
289 10
299 1
300 4
304 207
511 1
512 42
554 12
566 2
568 158
726 2
728 121
849 2
851 568
1419 60
1479 32
1511 1
1512 222
1734 18
1752 4
1756 206
1962 12
1974 4
1978 5
1983 5
1988 4
1992 23
2015 2
2017 1
2018 2018
4036 851
4887 127
5014 23
5037 2
5039 1
5040 23
5063 851
5914 60
5974 35
6009 2
6011 1
6012 42
6054 304
6358 121
6479 2
6481 1
6482 851
7333 304
7637 175
7812 2018
9830 163
9993 5
9998 2
10000 222
10222 27
10249 1
10250 4036
14286 568
14854 127
14981 18
14999 1
15000 27
15027 2
15029 1
15030 851
15881 222
16103 18
16121 1512
17633 17
17650 17650
35300 15030
50330 568
50898 2
50900 1
50901 50901
101802 101802
203604 203604
407208 50901
458109 35300
493409 6482
499891 102
499993 5
499998 2
