57
1 1
2 2
4 4
8 8
16 16
32 32
64 64
128 128
256 256
512 512
1024 1024
2048 1024
3072 512
3584 256
3840 128
3968 64
4032 32
4064 16
4080 8
4088 4
4092 2
4094 1
4095 4095
8190 1
8191 8191
16382 1
16383 16383
32766 1
32767 32767
65534 1
65535 65535
131070 1
131071 131071
262142 1
262143 262143
524286 1
524287 524287
1048574 1
1048575 1048575
2097150 1
2097151 2097151
4194302 1
4194303 4194303
8388606 1
8388607 8388607
16777214 1
16777215 16777215
33554430 1
33554431 33554431
67108862 1
67108863 67108863
134217726 1
134217727 134217727
268435454 1
268435455 268435455
536870910 1
