521
1 1
2 2
4 1
5 5
10 1
11 5
16 1
17 5
22 1
23 2
25 5
30 1
31 10
41 5
46 1
47 11
58 1
59 5
64 2
66 1
67 5
72 1
73 10
83 11
94 2
96 1
97 5
102 1
103 5
108 1
109 11
120 1
121 5
126 1
127 10
137 11
148 1
149 5
154 2
156 1
157 10
167 11
178 1
179 11
190 1
191 5
196 1
197 11
208 2
210 1
211 16
227 5
232 1
233 5
238 2
240 1
241 16
257 11
268 1
269 5
274 2
276 1
277 5
282 1
283 5
288 1
289 17
306 1
307 5
312 1
313 17
330 1
331 16
347 5
352 1
353 11
364 2
366 1
367 11
378 1
379 10
389 11
400 1
401 17
418 1
419 11
430 1
431 5
436 2
438 1
439 10
449 11
460 1
461 5
466 1
467 17
484 2
486 1
487 11
498 1
499 10
509 11
520 2
522 1
523 5
528 1
529 17
546 1
547 16
563 5
568 2
570 1
571 16
587 11
598 1
599 5
604 2
606 1
607 10
617 11
628 2
630 1
631 11
642 1
643 10
653 5
658 2
660 1
661 16
677 11
688 2
690 1
691 17
708 1
709 17
726 1
727 11
738 1
739 11
750 1
751 10
761 11
772 1
773 23
796 1
797 11
808 2
810 1
811 11
822 1
823 5
828 1
829 23
852 1
853 5
858 1
859 17
876 1
877 5
882 1
883 23
906 1
907 11
918 1
919 17
936 1
937 10
947 11
958 2
960 1
961 5
966 1
967 10
977 11
988 2
990 1
991 17
1008 1
1009 10
1019 11
1030 1
1031 5
1036 2
1038 1
1039 11
1050 1
1051 11
1062 1
1063 23
1086 1
1087 5
1092 1
1093 10
1103 11
1114 2
1116 1
1117 11
1128 1
1129 23
1152 1
1153 17
1170 1
1171 16
1187 11
1198 2
1200 1
1201 16
1217 11
1228 1
1229 449
1678 2
1680 1
1681 528
2209 1229
3438 41
3479 2
3481 1008
4489 829
5318 11
5329 1229
6558 331
6889 2209
9098 307
9405 4
9409 1200
10609 1229
11838 41
11879 2
11881 3481
15362 761
16123 5
16128 1
16129 2209
18338 431
18769 2209
20978 1217
22195 5
22200 1
22201 2209
24410 238
24648 1
24649 2209
26858 1031
27889 3481
31370 661
32031 10
32041 3481
35522 958
36480 1
36481 2209
38690 109
38799 10
38809 5329
44138 379
44517 4
44521 6889
51410 109
51519 10
51529 2209
53738 547
54285 4
54289 3481
57770 307
58077 4
58081 6889
64970 1063
66033 16
66049 5329
71378 977
72355 5
72360 1
72361 3481
75842 883
76725 4
76729 2209
78938 1129
80067 22
80089 11881
91970 2209
94179 67
94246 2
94248 1
94249 3481
97730 238
97968 1
97969 10609
108578 977
109555 5
109560 1
109561 10609
120170 238
120408 1
120409 3481
123890 709
124599 10
124609 9409
134018 661
134679 10
134689 6889
141578 1681
143259 379
143638 2
143640 1
143641 6889
150530 773
151303 17
151320 1
151321 9409
160730 67
160797 4
160801 11881
172682 2209
174891 661
175552 5
175557 4
175561 9409
184970 773
185743 17
185760 1
185761 6889
192650 67
192717 4
192721 6889
199610 1681
201291 307
201598 2
201600 1
201601 10609
212210 307
212517 4
212521 5329
217850 238
218088 1
218089 18769
236858 307
237165 4
237169 10609
247778 1217
248995 5
249000 1
249001 9409
258410 661
259071 10
259081 11881
270962 2209
273171 353
273524 5
273529 24649
298178 1031
299209 16129
315338 1229
316567 401
316968 1
316969 6889
323858 1681
325539 499
326038 2
326040 1
326041 18338
344379 190
344569 11881
356450 2209
358659 137
358796 5
358801 9409
368210 238
368448 1
368449 11881
380330 353
380683 5
380688 1
380689 16129
396818 1229
398047 109
398156 5
398161 11881
410042 2209
412251 1198
413449 11881
425330 1063
426393 16
426409 9409
435818 1103
436921 20978
457899 430
458329 18769
477098 379
477477 4
477481 24649
502130 547
502677 4
502681 24649
527330 1198
528528 1
528529 16129
544658 1229
545887 233
546120 1
546121 16129
562250 1681
563931 67
563998 2
564000 1
564001 11881
575882 2209
578091 1030
579121 18338
597459 67
597526 2
597528 1
597529 36481
634010 1198
635208 1
635209 22201
657410 307
657717 4
657721 18769
676490 829
677319 10
677329 9409
686738 499
687237 4
687241 38809
726050 1229
727279 330
727609 9409
737018 859
737877 4
737881 27889
765770 2209
767979 1129
769108 17
769125 4
769129 9409
778538 1129
779667 22
779689 38809
818498 3481
821979 661
822640 5
822645 4
822649 20978
843627 919
844546 11
844557 4
844561 32041
876602 1229
877831 137
877968 1
877969 18769
896738 67
896805 4
896809 36481
933290 1681
934971 109
935080 5
935085 4
935089 18769
953858 661
954519 10
954529 26858
981387 691
982078 2
982080 1
982081 35522
1017603 467
1018070 11
1018081 18769
1036850 1229
1038079 282
1038361 24410
1062771 190
1062961 16129
1079090 431
1079521 24649
1104170 431
1104601 24649
1129250 709
1129959 10
1129969 51529
1181498 67
1181565 4
1181569 11881
1193450 1198
1194648 1
1194649 20978
1215627 977
1216604 5
1216609 27889
1244498 2209
1246707 977
1247684 5
1247689 26858
1274547 94
1274641 54289
1328930 467
1329397 11
1329408 1
1329409 38809
1368218 2209
1370427 811
1371238 2
1371240 1
1371241 36481
1407722 1229
1408951 17
1408968 1
1408969 32041
1441010 1229
1442239 157
1442396 5
1442401 36481
1478882 1681
1480563 523
1481086 2
1481088 1
1481089 27889
1508978 1229
1510207 233
1510440 1
