1 1
2 1
3 1
4 4
8 8
16 16
32 32
64 64
128 128
256 256
512 512
1024 1024
2048 2048
4096 4096
8192 8192
16384 16384
32768 32768
65536 32768
98304 16384
114688 8192
122880 4096
126976 2048
129024 1024
130048 512
130560 256
130816 128
130944 64
131008 32
131040 16
131056 8
131064 4
131068 3
131071 4
131075 2
131077 3
131080 4
131084 1
131085 8
131093 8
131101 4
131105 1
131106 16
131122 4
131126 1
131127 32
131159 2
131161 32
131193 16
131209 4
131213 3
131216 64
131280 16
131296 8
131304 1
131305 128
131433 16
131449 128
131577 64
131641 32
131673 8
131681 1
131682 256
131938 64
132002 32
132034 16
132050 8
132058 1
132059 512
132571 64
132635 32
132667 2
132669 512
133181 256
133437 128
133565 64
133629 16
133645 8
133653 3
133656 1024
134680 512
135192 32
135224 16
135240 8
135248 4
135252 1
135253 2048
137301 512
137813 16
137829 8
137837 4096
141933 64
141997 16
142013 4
142017 1
142018 4096
146114 2048
148162 512
148674 64
148738 32
148770 8
148778 4
148782 1
148783 8192
156975 2048
159023 512
159535 128
159663 64
159727 2
159729 16384
176113 1024
177137 256
177393 32
177425 8
177433 4
177437 3
177440 16384
193824 8192
202016 2048
204064 1024
205088 512
205600 256
205856 128
205984 64
206048 32
206080 16
206096 1
206097 32768
238865 8192
247057 4096
251153 1024
252177 256
252433 32
252465 65536
318001 8192
326193 1024
327217 256
327473 16
327489 1
327490 114688
442178 4096
446274 2048
448322 512
448834 32
448866 16
448882 1
448883 193824
642707 2048
644755 512
645267 32
645299 2
645301 252465
897766 32768
930534 16384
946918 8192
955110 4096
959206 2048
961254 1024
962278 512
962790 256
963046 64
963110 2
963112 16
963128 8
963136 1
963137 128
963265 8
963273 2
963275 64
963339 32
963371 4
963375 1
963376 32
963408 16
963424 4
963428 3
963431 32
963463 16
963479 1
963480 128
963608 16
963624 8
963632 2
963634 64
963698 8
963706 2
963708 32
963740 8
963748 4
963752 1
963753 64
963817 16
963833 128
963961 32
963993 32
964025 16
964041 4
964045 3
964048 64
964112 32
964144 16
964160 8
964168 1
964169 16
964185 8
964193 3
964196 64
964260 32
964292 16
964308 4
964312 64
964376 4
964380 2
964382 64
964446 32
964478 4
964482 1
964483 128
964611 16
964627 1
964628 128
964756 2
964758 64
964822 32
964854 2
964856 64
964920 32
964952 4
964956 64
965020 32
965052 16
965068 4
965072 64
965136 32
965168 16
965184 1
965185 128
965313 2
965315 128
965443 16
965459 8
965467 4
965471 64
965535 16
965551 2
965553 32
965585 16
965601 4
965605 1
965606 128
965734 16
965750 4
965754 3
965757 128
965885 16
965901 8
965909 1
965910 128
966038 8
966046 1
966047 64
966111 32
966143 16
966159 8
966167 4
966171 2
966173 64
966237 32
966269 4
966273 2
966275 64
966339 16
966355 1
966356 128
966484 2
966486 64
966550 16
966566 4
966570 2
966572 32
966604 16
966620 8
966628 2
966630 32
966662 4
966666 128
966794 8
966802 4
966806 1
966807 32
966839 128
966967 8
966975 4
966979 64
967043 32
967075 8
967083 4
967087 1
967088 64
967152 32
967184 16
967200 64
967264 16
967280 1
967281 128
967409 16
967425 8
967433 32
967465 16
967481 8
967489 3
967492 64
967556 4
967560 2
967562 128
967690 1
967691 64
967755 8
967763 4
967767 1
967768 128
967896 16
967912 8
967920 64
967984 8
967992 4
967996 2
967998 32
968030 4
968034 3
968037 64
968101 8
968109 4
968113 3
968116 16
968132 8
968140 32
968172 8
968180 2
968182 64
968246 16
968262 2
968264 32
968296 2
968298 128
968426 8
968434 2
968436 32
968468 16
968484 4
968488 64
968552 16
968568 2
968570 32
968602 16
968618 8
968626 2
968628 32
968660 1
968661 128
968789 16
968805 8
968813 3
968816 128
968944 16
968960 4
968964 1
968965 64
969029 16
969045 4
969049 3
969052 64
969116 8
969124 4
969128 128
969256 16
969272 8
969280 4
969284 1
969285 128
969413 16
969429 3
969432 64
969496 32
969528 16
969544 8
969552 2
969554 64
969618 32
969650 16
969666 128
969794 32
969826 16
969842 1
969843 32
969875 4
969879 1
969880 64
969944 8
969952 4
969956 3
969959 32
969991 4
969995 2
969997 32
970029 8
970037 4
970041 64
970105 32
970137 16
970153 8
970161 16
970177 8
970185 1
970186 64
970250 16
970266 8
970274 4
970278 2
970280 128
970408 3
970411 128
970539 16
970555 8
970563 4
970567 2
970569 32
970601 16
970617 3
970620 64
970684 32
970716 4
970720 3
970723 64
970787 16
970803 4
970807 128
970935 8
970943 4
970947 128
971075 8
971083 1
971084 16
971100 8
971108 4
971112 3
971115 32
971147 3
971150 128
971278 64
971342 32
971374 16
971390 8
971398 1
971399 32
971431 8
971439 1
971440 64
971504 16
971520 8
971528 3
971531 64
971595 2
971597 128
971725 8
971733 64
971797 32
971829 16
971845 8
971853 4
971857 1
971858 16
971874 8
971882 2
971884 32
971916 16
971932 8
971940 4
971944 1
971945 64
972009 32
972041 16
972057 8
972065 64
972129 8
972137 1
972138 64
972202 32
972234 4
972238 128
972366 32
972398 1
972399 32
972431 8
972439 4
972443 64
972507 32
972539 4
972543 2
972545 32
972577 16
972593 8
972601 1
972602 64
972666 32
972698 16
972714 4
972718 3
972721 64
972785 8
972793 2
972795 64
972859 32
972891 16
972907 4
972911 1
972912 32
972944 64
973008 16
973024 3
973027 64
973091 32
973123 4
973127 2
973129 128
973257 8
973265 4
973269 2
973271 128
973399 16
973415 8
973423 4
973427 1
973428 128
973556 8
973564 4
973568 1
973569 64
973633 8
973641 1
973642 64
973706 16
973722 4
973726 3
973729 128
973857 16
973873 8
973881 4
973885 3
973888 128
974016 16
974032 8
974040 4
974044 3
974047 64
974111 4
974115 1
974116 32
974148 8
974156 4
974160 1
974161 64
974225 32
974257 16
974273 8
974281 2
974283 128
974411 4
974415 2
974417 64
974481 32
974513 8
974521 4
974525 2
974527 64
974591 8
974599 4
974603 3
974606 128
974734 16
974750 64
974814 8
974822 4
974826 3
974829 64
974893 16
974909 8
974917 4
974921 2
974923 128
975051 4
975055 1
975056 32
975088 8
975096 2
975098 64
975162 16
975178 8
975186 4
975190 1
975191 32
975223 4
975227 2
975229 128
975357 8
975365 128
975493 2
975495 64
975559 16
975575 8
975583 4
975587 3
975590 16
975606 8
975614 1
975615 128
975743 16
975759 8
975767 4
975771 32
975803 64
975867 32
975899 16
975915 8
975923 4
975927 3
975930 64
975994 8
976002 3
976005 64
976069 32
976101 16
976117 8
976125 4
976129 1
976130 128
976258 8
976266 2
976268 64
976332 32
976364 16
976380 8
976388 4
976392 32
976424 16
976440 8
976448 32
976480 16
976496 128
976624 16
976640 8
976648 1
976649 64
976713 2
976715 64
976779 32
976811 16
976827 8
976835 1
976836 64
976900 32
976932 4
976936 64
977000 4
977004 1
977005 32
977037 8
977045 4
977049 1
977050 32
977082 8
977090 4
977094 2
977096 128
977224 16
977240 8
977248 1
977249 64
977313 32
977345 16
977361 2
977363 64
977427 32
977459 4
977463 2
977465 64
977529 32
977561 16
977577 64
977641 32
977673 16
977689 4
977693 3
977696 64
977760 8
977768 4
977772 2
977774 128
977902 8
977910 4
977914 1
977915 32
977947 8
977955 4
977959 1
977960 128
978088 8
978096 32
978128 4
978132 128
978260 8
978268 4
978272 3
978275 128
978403 32
978435 1
978436 64
978500 32
978532 16
978548 8
978556 4
978560 2
978562 32
978594 4
978598 2
978600 64
978664 8
978672 1
978673 64
978737 32
978769 1
978770 64
978834 8
978842 4
978846 3
978849 32
978881 16
978897 8
978905 4
978909 128
979037 8
979045 32
979077 16
979093 8
979101 4
979105 3
979108 64
979172 32
979204 16
979220 8
979228 4
979232 32
979264 8
979272 4
979276 32
979308 16
979324 1
979325 64
979389 32
979421 16
979437 4
979441 32
979473 4
979477 2
979479 32
979511 16
979527 8
979535 2
979537 128
979665 16
979681 4
979685 2
979687 64
979751 32
979783 16
979799 4
979803 32
979835 8
979843 3
979846 128
979974 8
979982 1
979983 128
980111 8
980119 4
980123 3
980126 64
980190 16
980206 3
980209 32
980241 16
980257 8
980265 3
980268 128
980396 16
980412 8
980420 128
980548 64
980612 16
980628 8
980636 128
980764 16
980780 16
980796 8
980804 64
980868 32
980900 4
980904 3
980907 128
981035 4
981039 3
981042 64
981106 16
981122 8
981130 4
981134 2
981136 128
981264 8
981272 4
981276 1
981277 64
981341 16
981357 4
981361 2
981363 64
981427 64
981491 32
981523 8
981531 4
981535 3
981538 32
981570 32
981602 8
981610 1
981611 128
981739 16
981755 64
981819 8
981827 1
981828 128
981956 8
981964 4
981968 3
981971 64
982035 32
982067 16
982083 8
982091 4
982095 1
982096 32
982128 16
982144 3
982147 982147
1964294 982147
2946441 32768
2979209 16384
2995593 4096
2999689 256
2999945 128
3000073 64
3000137 32
3000169 8
3000177 64
3000241 32
3000273 8
3000281 64
3000345 32
3000377 16
3000393 4
3000397 1
3000398 256
3000654 32
3000686 16
3000702 8
3000710 2
3000712 128
3000840 64
3000904 32
3000936 8
3000944 2
3000946 128
3001074 16
3001090 8
3001098 4
3001102 1
3001103 128
3001231 64
3001295 16
3001311 8
3001319 4
3001323 256
3001579 32
3001611 2
3001613 128
3001741 16
3001757 8
3001765 256
3002021 64
3002085 32
3002117 2
3002119 256
3002375 8
3002383 3
3002386 256
3002642 64
3002706 4
3002710 2
3002712 256
3002968 64
3003032 16
3003048 8
3003056 4
3003060 2
3003062 256
3003318 64
3003382 16
3003398 8
3003406 4
3003410 2
3003412 128
3003540 64
3003604 32
3003636 16
3003652 8
3003660 4
3003664 3
3003667 128
3003795 64
3003859 32
3003891 16
3003907 1
3003908 128
3004036 64
3004100 8
3004108 1
3004109 256
3004365 64
3004429 8
3004437 256
3004693 16
3004709 4
3004713 2
3004715 128
3004843 64
3004907 32
3004939 8
3004947 2
3004949 256
3005205 64
3005269 32
3005301 3
3005304 64
3005368 32
3005400 8
3005408 4
3005412 1
3005413 256
3005669 64
3005733 32
3005765 8
3005773 4
3005777 128
3005905 32
3005937 16
3005953 4
3005957 256
3006213 64
3006277 32
3006309 64
3006373 32
3006405 16
3006421 8
3006429 4
3006433 64
3006497 32
3006529 4
3006533 2
3006535 64
3006599 32
3006631 16
3006647 2
3006649 256
3006905 32
3006937 8
3006945 4
3006949 1
3006950 256
3007206 64
3007270 16
3007286 8
3007294 256
3007550 64
3007614 32
3007646 16
3007662 1
3007663 256
3007919 64
3007983 16
3007999 8
3008007 4
3008011 3
3008014 256
3008270 8
3008278 4
3008282 1
3008283 256
3008539 64
3008603 32
3008635 8
3008643 1
3008644 64
3008708 16
3008724 8
3008732 1
3008733 256
3008989 64
3009053 16
3009069 8
3009077 4
3009081 1
3009082 64
3009146 16
3009162 8
3009170 3
3009173 128
3009301 64
3009365 32
3009397 3
3009400 128
3009528 8
3009536 4
3009540 2
3009542 128
3009670 64
3009734 16
3009750 8
3009758 4
3009762 3
3009765 128
3009893 64
3009957 16
3009973 8
3009981 3
3009984 256
3010240 32
3010272 16
3010288 8
3010296 4
3010300 3
3010303 128
3010431 64
3010495 16
3010511 8
3010519 4
3010523 2
3010525 256
3010781 64
3010845 16
3010861 8
3010869 4
3010873 2
3010875 128
3011003 64
3011067 8
3011075 4
3011079 2
3011081 128
3011209 16
3011225 8
3011233 3
3011236 256
3011492 16
3011508 8
3011516 2
3011518 256
3011774 16
3011790 8
3011798 4
3011802 1
3011803 128
3011931 4
3011935 128
3012063 8
3012071 256
3012327 64
3012391 32
3012423 16
3012439 8
3012447 128
3012575 128
3012703 64
3012767 32
3012799 16
3012815 3
3012818 128
3012946 64
3013010 8
3013018 4
3013022 3
3013025 256
3013281 64
3013345 16
3013361 2
3013363 64
3013427 32
3013459 16
3013475 8
3013483 256
3013739 32
3013771 3
3013774 128
3013902 64
3013966 32
3013998 8
3014006 2
3014008 256
3014264 16
3014280 8
3014288 4
3014292 2
3014294 128
3014422 64
3014486 32
3014518 16
3014534 8
3014542 4
3014546 2
3014548 256
3014804 64
3014868 8
3014876 128
3015004 64
3015068 32
3015100 16
3015116 8
3015124 3
3015127 256
3015383 64
3015447 32
3015479 1
3015480 128
3015608 32
3015640 16
3015656 256
3015912 32
3015944 16
3015960 4
3015964 3
3015967 256
3016223 8
3016231 4
3016235 1
3016236 256
3016492 16
3016508 8
3016516 4
3016520 1
3016521 256
3016777 32
3016809 1
3016810 256
3017066 32
3017098 16
3017114 2
3017116 128
3017244 8
3017252 2
3017254 256
3017510 64
3017574 32
3017606 16
3017622 256
3017878 64
3017942 32
3017974 16
3017990 1
3017991 128
3018119 8
3018127 4
3018131 256
3018387 32
3018419 4
3018423 1
3018424 256
3018680 16
3018696 4
3018700 128
3018828 64
3018892 32
3018924 4
3018928 3
3018931 256
3019187 64
3019251 16
3019267 8
3019275 4
3019279 3
3019282 128
3019410 16
3019426 4
3019430 1
3019431 128
3019559 16
3019575 8
3019583 1
3019584 128
3019712 16
3019728 8
3019736 4
3019740 3
3019743 256
3019999 32
3020031 16
3020047 64
3020111 32
3020143 16
3020159 8
3020167 4
3020171 2
3020173 128
3020301 64
3020365 32
3020397 16
3020413 4
3020417 128
3020545 32
3020577 16
3020593 8
3020601 1
3020602 128
3020730 64
3020794 16
3020810 4
3020814 2
3020816 128
3020944 64
3021008 32
3021040 8
3021048 4
3021052 1
3021053 256
3021309 64
3021373 16
3021389 3
3021392 256
3021648 64
3021712 32
3021744 8
3021752 4
3021756 64
3021820 32
3021852 1
3021853 256
3022109 16
3022125 8
3022133 4
3022137 256
3022393 64
3022457 8
3022465 4
3022469 3
3022472 128
3022600 64
3022664 8
3022672 4
3022676 3
3022679 256
3022935 16
3022951 4
3022955 2
3022957 128
3023085 64
3023149 16
3023165 4
3023169 1
3023170 256
3023426 8
3023434 3
3023437 128
3023565 32
3023597 128
3023725 32
3023757 8
3023765 4
3023769 128
3023897 64
3023961 8
3023969 1
3023970 256
3024226 16
3024242 3
3024245 128
3024373 64
3024437 2
3024439 256
3024695 16
3024711 8
3024719 4
3024723 2
3024725 128
3024853 16
3024869 8
3024877 4
3024881 128
3025009 16
3025025 1
3025026 256
3025282 32
3025314 128
3025442 64
3025506 32
3025538 2
3025540 128
3025668 64
3025732 16
3025748 3
3025751 256
3026007 64
3026071 16
3026087 4
3026091 1
3026092 256
3026348 32
3026380 4
3026384 2
3026386 128
3026514 16
3026530 4
3026534 1
3026535 128
3026663 64
3026727 8
3026735 4
3026739 256
3026995 64
3027059 32
3027091 4
3027095 3
3027098 128
3027226 64
3027290 256
3027546 16
3027562 8
3027570 4
3027574 128
3027702 4
3027706 128
3027834 16
3027850 8
3027858 1
3027859 256
3028115 64
3028179 16
3028195 4
3028199 1
3028200 256
3028456 32
3028488 2
3028490 256
3028746 64
3028810 16
3028826 8
3028834 1
3028835 128
3028963 4
3028967 1
3028968 128
3029096 64
3029160 2
3029162 128
3029290 64
3029354 32
3029386 16
3029402 8
3029410 3
3029413 256
3029669 64
3029733 32
3029765 8
3029773 4
3029777 256
3030033 32
3030065 16
3030081 128
3030209 8
3030217 4
3030221 3
3030224 256
3030480 64
3030544 16
3030560 4
3030564 64
3030628 16
3030644 8
3030652 4
3030656 64
3030720 32
3030752 16
3030768 2
3030770 256
3031026 64
3031090 16
3031106 8
3031114 4
3031118 1
3031119 128
3031247 32
3031279 16
3031295 8
3031303 3
3031306 256
3031562 32
3031594 16
3031610 8
3031618 4
3031622 1
3031623 128
3031751 1
3031752 256
3032008 32
3032040 16
3032056 8
3032064 1
3032065 256
3032321 8
3032329 4
3032333 3
3032336 128
3032464 64
3032528 8
3032536 64
3032600 32
3032632 16
3032648 8
3032656 4
3032660 2
3032662 256
3032918 64
3032982 32
3033014 8
3033022 4
3033026 3
3033029 128
3033157 64
3033221 32
3033253 16
3033269 8
3033277 4
3033281 3
3033284 256
3033540 8
3033548 4
3033552 1
3033553 256
3033809 8
3033817 4
3033821 3
3033824 64
3033888 32
3033920 4
3033924 3
3033927 256
3034183 32
3034215 16
3034231 128
3034359 64
3034423 32
3034455 16
3034471 2
3034473 128
3034601 32
3034633 8
3034641 4
3034645 1
3034646 256
3034902 32
3034934 8
3034942 4
3034946 2
3034948 64
3035012 32
3035044 256
3035300 32
3035332 128
3035460 64
3035524 32
3035556 4
3035560 256
3035816 4
3035820 256
3036076 32
3036108 2
3036110 128
3036238 32
3036270 16
3036286 8
3036294 4
3036298 256
3036554 64
3036618 4
3036622 256
3036878 32
3036910 16
3036926 8
3036934 4
3036938 64
3037002 32
3037034 2
3037036 128
3037164 64
3037228 32
3037260 16
3037276 4
3037280 256
3037536 8
3037544 128
3037672 64
3037736 32
3037768 16
3037784 1
3037785 128
3037913 64
3037977 32
3038009 8
3038017 4
3038021 1
3038022 256
3038278 128
3038406 16
3038422 4
3038426 128
3038554 64
3038618 16
3038634 8
3038642 2
3038644 256
3038900 64
3038964 16
3038980 4
3038984 2
3038986 128
3039114 16
3039130 4
3039134 256
3039390 64
3039454 16
3039470 4
3039474 3
3039477 256
3039733 8
3039741 2
3039743 128
3039871 16
3039887 2
3039889 64
3039953 32
3039985 16
3040001 8
3040009 4
3040013 3
3040016 256
3040272 32
3040304 8
3040312 2
3040314 256
3040570 16
3040586 3
3040589 128
3040717 64
3040781 32
3040813 4
3040817 3
3040820 64
3040884 16
3040900 8
3040908 3
3040911 128
3041039 16
3041055 8
3041063 4
3041067 2
3041069 256
3041325 32
3041357 16
3041373 4
3041377 256
3041633 8
3041641 4
3041645 2
3041647 64
3041711 32
3041743 8
3041751 128
3041879 32
3041911 8
3041919 2
3041921 256
3042177 16
3042193 2
3042195 64
3042259 32
3042291 8
3042299 4
3042303 256
3042559 64
3042623 16
3042639 8
3042647 3
3042650 128
3042778 32
3042810 4
3042814 64
3042878 16
3042894 8
3042902 4
3042906 2
3042908 256
3043164 32
3043196 16
3043212 8
3043220 1
3043221 256
3043477 32
3043509 16
3043525 2
3043527 128
3043655 64
3043719 16
3043735 4
3043739 256
3043995 16
3044011 8
3044019 4
3044023 2
3044025 128
3044153 32
3044185 16
3044201 1
3044202 256
3044458 8
3044466 2
3044468 128
3044596 32
3044628 8
3044636 4
3044640 1
3044641 128
3044769 4
3044773 128
3044901 64
3044965 2
3044967 256
3045223 16
3045239 3
3045242 128
3045370 64
3045434 2
3045436 256
3045692 16
3045708 128
3045836 16
3045852 3
3045855 256
3046111 32
3046143 8
3046151 2
3046153 64
3046217 32
3046249 8
3046257 4
3046261 1
3046262 256
3046518 16
3046534 4
3046538 3
3046541 256
3046797 32
3046829 8
3046837 4
3046841 2
3046843 256
3047099 64
3047163 32
3047195 8
3047203 4
3047207 3
3047210 64
3047274 32
3047306 16
3047322 8
3047330 4
3047334 3047334
6094668 6094668
12189336 12189336
24378672 24378672
48757344 48757344
97514688 97514688
195029376 195029376
390058752 97514688
487573440 12189336
499762776 206097
499968873 16384
499985257 8192
499993449 4096
499997545 2048
499999593 256
499999849 128
499999977 16
499999993 8
500000001 8
500000009 16
500000025 8
500000033 3
500000036 64
500000100 64
500000164 32
500000196 16
500000212 8
500000220 4
500000224 1
500000225 128
500000353 64
500000417 16
500000433 8
500000441 256
500000697 64
500000761 16
500000777 4
500000781 3
500000784 512
500001296 512
500001808 128
500001936 64
500002000 16
500002016 8
500002024 1
500002025 512
500002537 256
500002793 128
500002921 64
500002985 32
500003017 8
500003025 1024
500004049 256
500004305 32
500004337 16
500004353 3
500004356 1024
500005380 512
500005892 128
500006020 64
500006084 2048
500008132 128
500008260 16
500008276 4
500008280 1
500008281 2048
500010329 512
500010841 128
500010969 32
500011001 16
500011017 8
500011025 2048
500013073 1024
500014097 256
500014353 32
500014385 8
500014393 4
500014397 3
500014400 4096
500018496 4096
500022592 512
500023104 256
500023360 32
500023392 16
500023408 1
500023409 4096
500027505 1024
500028529 512
500029041 128
500029169 64
500029233 8
500029241 4096
500033337 2048
500035385 512
500035897 128
500036025 64
500036089 8
500036097 3
500036100 4096
500040196 2048
500042244 1024
500043268 512
500043780 256
500044036 64
500044100 8192
500052292 1024
500053316 32
500053348 8
500053356 4
500053360 1
500053361 8192
500061553 2048
500063601 256
500063857 128
500063985 16
500064001 8
500064009 8192
500072201 2048
500074249 1024
500075273 512
500075785 256
500076041 128
500076169 4
500076173 3
500076176 8192
500084368 4096
500088464 1024
500089488 512
500090000 8192
500098192 4096
500102288 2048
500104336 1024
500105360 256
500105616 8
500105624 1
500105625 16384
500122009 1024
500123033 128
500123161 32
500123193 8
500123201 16384
500139585 2048
500141633 1024
500142657 128
500142785 64
500142849 32
500142881 3
500142884 16384
500159268 4096
500163364 1024
500164388 256
500164644 128
500164772 64
500164836 16384
500181220 4096
500185316 2048
500187364 1024
500188388 512
500188900 256
500189156 64
500189220 4
500189224 1
500189225 16384
500205609 8192
500213801 2048
500215849 256
500216105 64
500216169 32
500216201 16
500216217 8
500216225 16384
500232609 8192
500240801 4096
500244897 1024
500245921 64
500245985 16
500246001 8
500246009 4
500246013 3
500246016 32768
500278784 32768
500311552 2048
500313600 1024
500314624 64
500314688 32
500314720 1
500314721 32768
500347489 4096
500351585 2048
500353633 256
500353889 128
500354017 8
500354025 32768
500386793 8192
500394985 1024
500396009 512
500396521 256
500396777 64
500396841 32
500396873 16
500396889 8
500396897 3
500396900 32768
500429668 8192
500437860 4096
500441956 1024
500442980 512
500443492 64
500443556 32768
500476324 16384
500492708 1024
500493732 256
500493988 128
500494116 64
500494180 16
500494196 8
500494204 4
500494208 1
500494209 32768
500526977 16384
500543361 4096
500547457 1024
500548481 512
500548993 64
500549057 16
500549073 8
500549081 32768
500581849 16384
500598233 8192
500606425 1024
500607449 512
500607961 256
500608217 128
500608345 32
500608377 16
500608393 4
500608397 3
500608400 32768
500641168 16384
500657552 8192
500665744 4096
500669840 2048
500671888 512
500672400 65536
500737936 2048
500739984 1024
500741008 256
500741264 32
500741296 16
500741312 8
500741320 1
500741321 65536
500806857 8192
500815049 256
500815305 64
500815369 32
500815401 8
500815409 65536
500880945 8192
500889137 4096
500893233 1024
500894257 512
500894769 128
500894897 16
500894913 3
500894916 65536
500960452 16384
500976836 2048
500978884 1024
500979908 128
500980036 64
500980100 65536
501045636 16384
501062020 8192
501070212 512
501070724 256
501070980 128
501071108 64
501071172 32
501071204 16
501071220 4
501071224 1
501071225 65536
501136761 16384
501153145 8192
501161337 4096
501165433 2048
501167481 1024
501168505 32
501168537 16
501168553 8
501168561 98304
501266865 4096
501270961 1024
501271985 256
501272241 128
501272369 8
501272377 4
501272381 3
501272384 98304
501370688 8192
501378880 4096
501382976 114688
501497664 2048
501499712 512
501500224 256
501500480 128
501500608 16
501500624 1
501500625 122880
501623505 2048
501625553 64
501625617 8
501625625 132635
501758260 16
501758276 137837
501896113 2048
501898161 512
501898673 128
501898801 64
501898865 16
501898881 3
501898884 148783
502047667 64
502047731 16
502047747 8
502047755 4
502047759 2
502047761 156975
502204736 256
502204992 128
502205120 64
502205184 32
502205216 8
502205224 1
502205225 159729
502364954 4096
502369050 2048
502371098 256
502371354 128
502371482 64
502371546 32
502371578 16
502371594 4
502371598 2
502371600 159729
502531329 8192
502539521 4096
502543617 2048
502545665 1024
502546689 512
502547201 8
502547209 4
502547213 3
502547216 177440
502724656 4096
502728752 2048
502730800 1024
502731824 512
502732336 64
502732400 8
502732408 1
502732409 193824
502926233 1024
502927257 256
502927513 8
502927521 205088
503132609 256
503132865 32
503132897 3
503132900 206097
503338997 8192
503347189 1024
503348213 512
503348725 128
503348853 32
503348885 8
503348893 4
503348897 3
503348900 206097
503554997 16384
503571381 4096
503575477 256
503575733 128
503575861 16
503575877 4
503575881 206097
503781978 16384
503798362 8192
503806554 4096
503810650 2048
503812698 1024
503813722 256
503813978 128
503814106 64
503814170 32
503814202 4
503814206 3
503814209 247057
504061266 2048
504063314 512
504063826 256
504064082 128
504064210 32
504064242 8
504064250 4
504064254 2
504064256 252465
504316721 8192
504324913 1024
504325937 256
504326193 128
504326321 64
504326385 8
504326393 4
504326397 3
504326400 252465
504578865 16384
504595249 4096
504599345 1024
504600369 512
504600881 128
504601009 16
504601025 252465
504853490 32768
504886258 2048
504888306 128
504888434 64
504888498 16
504888514 4
504888518 3
504888521 252465
505140986 32768
505173754 8192
505181946 4096
505186042 2048
505188090 1024
505189114 128
505189242 32
505189274 8
505189282 2
505189284 252465
505441749 32768
505474517 16384
505490901 8192
505499093 4096
505503189 512
505503701 8
505503709 4
505503713 3
505503716 327490
505831206 512
505831718 256
505831974 128
505832102 64
505832166 32
505832198 16
505832214 8
505832222 3
505832225 327490
506159715 8192
506167907 4096
506172003 2048
506174051 1024
506175075 128
506175203 16
506175219 4
506175223 2
506175225 327490
506502715 16384
506519099 8192
506527291 4096
506531387 1024
506532411 512
506532923 128
506533051 64
506533115 16
506533131 4
506533135 1
506533136 327490
506860626 32768
506893394 8192
506901586 4096
506905682 512
506906194 128
506906322 32
506906354 16
506906370 8
506906378 4
506906382 2
506906384 327490
507233874 32768
507266642 16384
507283026 8192
507291218 4096
507295314 64
507295378 16
507295394 4
507295398 3
507295401 327490
507622891 65536
507688427 8192
507696619 2048
507698667 1024
507699691 512
507700203 256
507700459 128
507700587 32
507700619 4
507700623 2
507700625 327490
508028115 65536
508093651 16384
508110035 8192
508118227 4096
508122323 128
508122451 32
508122483 16
508122499 1
508122500 327490
508449990 98304
508548294 8192
508556486 4096
508560582 512
508561094 256
508561350 64
508561414 32
508561446 16
508561462 8
508561470 4
508561474 2
508561476 448883
509010359 4096
509014455 2048
509016503 1024
509017527 256
509017783 128
509017911 64
509017975 32
509018007 2
509018009 448883
509466892 16384
509483276 8192
509491468 1024
509492492 64
509492556 4
509492560 1
509492561 448883
509941444 32768
509974212 8192
509982404 2048
509984452 1024
509985476 64
509985540 32
509985572 16
509985588 8
509985596 4
509985600 448883
510434483 32768
510467251 16384
510483635 8192
510491827 4096
510495923 1024
510496947 512
510497459 128
510497587 8
510497595 4
510497599 1
510497600 448883
510946483 65536
511012019 16384
511028403 512
511028915 64
511028979 32
511029011 16
511029027 8
511029035 4
511029039 2
511029041 448883
511477924 98304
511576228 4096
511580324 64
511580388 16
511580404 4
511580408 1
511580409 448883
512029292 122880
512152172 16
512152188 8
512152196 448883
512601079 142018
512743097 1024
512744121 512
512744633 256
512744889 8
512744897 3
512744900 448883
513193783 159729
513353512 4096
513357608 1024
513358632 256
513358888 128
513359016 8
513359024 1
513359025 448883
513807908 177440
513985348 8192
513993540 1024
513994564 512
513995076 4
513995080 1
513995081 645301
514640382 8192
514648574 4096
514652670 512
514653182 256
514653438 128
514653566 16
514653582 2
514653584 645301
515298885 32768
515331653 2048
515333701 1024
515334725 256
515334981 64
515335045 8
515335053 3
515335056 645301
515980357 32768
516013125 16384
516029509 8192
516037701 2048
516039749 256
516040005 16
516040021 4
516040025 645301
516685326 65536
516750862 16384
516767246 1024
516768270 512
516768782 128
516768910 64
516768974 32
516769006 16
516769022 3
516769025 645301
517414326 98304
517512630 8192
517520822 1024
517521846 512
517522358 128
517522486 64
517522550 32
517522582 8
517522590 4
517522594 2
517522596 645301
518167897 133181
518301078 128
518301206 64
518301270 8
518301278 4
518301282 2
518301284 645301
518946585 159023
519105608 32
519105640 1
519105641 645301
519750942 177440
519928382 4096
519932478 2048
519934526 1024
519935550 512
519936062 128
519936190 32
519936222 3
519936225 645301
520581526 206097
520787623 4096
520791719 1024
520792743 512
520793255 256
520793511 64
520793575 16
520793591 8
520793599 1
520793600 645301
521438901 238865
521677766 512
521678278 32
521678310 16
521678326 8
521678334 2
521678336 897766
522576102 8192
522584294 4096
522588390 2048
522590438 512
522590950 32
522590982 16
522590998 8
522591006 3
522591009 930534
523521543 8192
523529735 2048
523531783 256
523532039 128
523532167 32
523532199 2
523532201 970280
524502481 16
524502497 3
524502500 982147
525484647 16384
525501031 1024
525502055 256
525502311 128
525502439 32
525502471 16
525502487 8
525502495 4
525502499 1
525502500 982147
526484647 32768
526517415 8192
526525607 4096
526529703 2048
526531751 1024
526532775 16
526532791 8
526532799 2
526532801 982147
527514948 65536
527580484 8192
527588676 4096
527592772 1024
527593796 128
527593924 64
527593988 16
527594004 4
527594008 1
527594009 982147
528576156 98304
528674460 8192
528682652 2048
528684700 1024
528685724 512
528686236 256
528686492 128
528686620 64
528686684 32
528686716 16
528686732 4
528686736 982147
529668883 142018
529810901 512
529811413 128
529811541 32
529811573 16
529811589 8
529811597 3
529811600 982147
530793747 159729
530953476 8192
530961668 4096
530965764 2048
530967812 1024
530968836 256
530969092 128
530969220 4
530969224 1
530969225 982147
531951372 206097
532157469 2048
532159517 512
532160029 128
532160157 64
532160221 16
532160237 4
532160241 982147
533142388 238865
533381253 2048
533383301 1024
533384325 512
533384837 256
533385093 128
533385221 32
533385253 16
533385269 8
533385277 4
533385281 3
533385284 982147
534367431 252465
534619896 16384
534636280 8192
534644472 512
534644984 8
534644992 4
534644996 982147
535627143 252465
535879608 32768
535912376 16384
535928760 8192
535936952 2048
535939000 1024
535940024 1
535940025 982147
536922172 327490
537249662 16384
537266046 4096
537270142 512
537270654 256
537270910 64
537270974 32
537271006 16
537271022 3
537271025 982147
538253172 327490
538580662 32768
538613430 16384
538629814 8192
538638006 512
538638518 128
538638646 8
538638654 2
538638656 982147
539620803 327490
539948293 65536
540013829 16384
540030213 8192
540038405 4096
540042501 1024
540043525 32
540043557 16
540043573 8
540043581 3
540043584 982147
541025731 448883
541474614 8192
541482806 2048
541484854 1024
541485878 512
541486390 64
541486454 16
541486470 8
541486478 3
541486481 982147
542468628 448883
542917511 32768
542950279 16384
542966663 1024
542967687 256
542967943 64
542968007 16
542968023 2
542968025 982147
543950172 448883
544399055 65536
544464591 16384
544480975 4096
544485071 2048
544487119 1024
544488143 512
544488655 128
544488783 64
544488847 32
544488879 16
544488895 4
544488899 1
544488900 982147
545471047 448883
545919930 129024
546048954 512
546049466 256
546049722 64
546049786 8
546049794 2
546049796 982147
547031943 448883
547480826 159729
547640555 8192
547648747 2048
547650795 512
547651307 64
547651371 32
547651403 4
547651407 2
547651409 982147
548633556 645301
549278857 8192
549287049 4096
549291145 2048
549293193 1024
549294217 128
549294345 64
549294409 32
549294441 982147
550276588 645301
550921889 32768
550954657 16384
550971041 8192
550979233 256
550979489 64
550979553 32
550979585 8
550979593 4
550979597 3
550979600 982147
551961747 645301
552607048 98304
552705352 2048
552707400 128
552707528 64
552707592 8
552707600 982147
553689747 645301
554335048 142018
554477066 2048
554479114 32
554479146 8
554479154 4
554479158 3
554479161 982147
555461308 645301
556106609 177440
556284049 8192
556292241 2048
556294289 512
556294801 128
556294929 64
556294993 16
556295009 982147
557277156 645301
557922457 206097
558128554 16384
558144938 8192
558153130 2048
558155178 512
558155690 128
558155818 32
558155850 16
558155866 8
558155874 2
558155876 982147
559138023 897766
560035789 16384
560052173 8192
560060365 2048
560062413 64
560062477 16
560062493 4
560062497 3
560062500 982147
561044647 970947
562015594 16
562015610 8
562015618 4
562015622 3
562015625 1964294
563979919 32768
564012687 2048
564014735 1024
564015759 128
564015887 64
564015951 32
564015983 16
564015999 2
564016001 1964294
565980295 65536
566045831 16384
566062215 2048
566064263 64
566064327 32
566064359 16
566064375 8
566064383 1
566064384 1964294
568028678 132669
568161347 128
568161475 32
568161507 16
568161523 8
568161531 4
568161535 1
568161536 1964294
570125830 177440
570303270 4096
570307366 512
570307878 256
570308134 64
570308198 16
570308214 8
570308222 3
570308225 1964294
572272519 206097
572478616 16384
572495000 8192
572503192 1024
572504216 512
572504728 256
572504984 128
572505112 64
572505176 32
572505208 16
572505224 1
572505225 1964294
574469519 252465
574721984 16384
574738368 8192
574746560 4096
574750656 2048
574752704 512
574753216 64
574753280 32
574753312 4
574753316 1964294
576717610 327490
577045100 4096
577049196 2048
577051244 1024
577052268 512
577052780 256
577053036 128
577053164 64
577053228 32
577053260 16
577053276 8
577053284 1964294
579017578 327490
579345068 32768
579377836 16384
579394220 8192
579402412 2048
579404460 1024
579405484 256
579405740 128
579405868 32
579405900 16
579405916 4
579405920 1
579405921 1964294
581370215 327490
581697705 98304
581796009 8192
581804201 4096
581808297 2048
581810345 1024
581811369 512
581811881 128
581812009 16
581812025 1964294
583776319 448883
584225202 32768
584257970 8192
584266162 4096
584270258 2048
584272306 64
584272370 16
584272386 8
584272394 4
584272398 2
584272400 1964294
586236694 448883
586685577 98304
586783881 2048
586785929 1024
586786953 512
586787465 256
586787721 128
586787849 4
586787853 3
586787856 1964294
588752150 448883
589201033 156975
589358008 1024
589359032 128
589359160 32
589359192 16
589359208 1
589359209 1964294
591323503 645301
591968804 16384
591985188 2048
591987236 32
591987268 8
591987276 4
591987280 1
591987281 1964294
593951575 645301
594596876 65536
594662412 8192
594670604 2048
594672652 128
594672780 64
594672844 32
594672876 16
594672892 8
594672900 1964294
596637194 645301
597282495 133656
597416151 512
597416663 128
597416791 64
597416855 32
597416887 8
597416895 4
597416899 1
597416900 1964294
599381194 645301
600026495 177440
600203935 8192
600212127 4096
600216223 2048
600218271 1024
600219295 512
600219807 256
600220063 32
600220095 16
600220111 8
600220119 2
600220121 1964294
602184415 897766
603082181 1024
603083205 128
603083333 64
603083397 8
603083405 4
603083409 1964294
605047703 959206
606006909 512
606007421 128
606007549 64
606007613 3
606007616 2979209
608986825 4096
608990921 2048
608992969 512
608993481 64
608993545 32
608993577 16
608993593 4
608993597 3
608993600 3047334
612040934 1024
612041958 256
612042214 8
612042222 3
612042225 3047334
615089559 32768
615122327 16384
615138711 8192
615146903 4096
615150999 2048
615153047 1024
615154071 256
615154327 32
615154359 2
615154361 3047334
618201695 129024
618330719 128
618330847 32
618330879 4
618330883 1
618330884 3047334
621378218 193824
621572042 512
621572554 64
621572618 32
621572650 16
621572666 8
621572674 2
621572676 3047334
624620010 252465
624872475 4096
624876571 2048
624878619 1024
624879643 512
624880155 256
624880411 128
624880539 64
624880603 16
624880619 4
624880623 2
624880625 3047334
627927959 327490
628255449 128
628255577 32
628255609 16
628255625 3047334
631302959 327490
631630449 65536
631695985 2048
631698033 512
631698545 16
631698561 8
631698569 4
631698573 3
631698576 3047334
634745910 448883
635194793 8192
635202985 4096
635207081 2048
635209129 1024
635210153 128
635210281 64
635210345 32
635210377 4
635210381 3
635210384 3047334
638257718 448883
638706601 65536
638772137 16384
638788521 2048
638790569 1024
638791593 256
638791849 64
638791913 32
638791945 16
638791961 3047334
641839295 448883
642288178 148783
642436961 4096
642441057 2048
642443105 1024
642444129 64
642444193 32
642444225 3047334
645491559 645301
646136860 16384
646153244 8192
646161436 4096
646165532 2048
646167580 512
646168092 8
646168100 3047334
649215434 645301
649860735 98304
649959039 4096
649963135 1024
649964159 256
649964415 64
649964479 32
649964511 4
649964515 1
649964516 3047334
653011850 645301
653657151 177137
653834288 64
653834352 32
653834384 16
653834400 8
653834408 1
653834409 3047334
656881743 645301
657527044 251153
657778197 512
657778709 8
657778717 4
657778721 3047334
660826055 972238
661798293 64
661798357 32
661798389 8
661798397 3
661798400 3047334
664845734 982147
665827881 65536
665893417 512
665893929 256
665894185 128
665894313 64
665894377 16
665894393 4
665894397 3
665894400 3047334
668941734 982147
669923881 142018
670065899 1024
670066923 512
670067435 128
670067563 64
670067627 32
670067659 16
670067675 4
670067679 2
670067681 3047334
673115015 982147
674097162 206097
674303259 8192
674311451 4096
674315547 2048
674317595 1024
674318619 512
674319131 64
674319195 8
674319203 4
674319207 2
674319209 3047334
677366543 982147
678348690 252465
678601155 32768
678633923 8192
678642115 4096
678646211 2048
678648259 1024
678649283 512
678649795 128
678649923 32
678649955 1
678649956 3047334
681697290 982147
682679437 327490
683006927 32768
683039695 16384
683056079 4096
683060175 512
683060687 128
683060815 64
683060879 16
683060895 4
683060899 1
683060900 3047334
686108234 982147
687090381 448883
687539264 8192
687547456 4096
687551552 1024
687552576 256
687552832 128
687552960 64
687553024 1
687553025 3047334
690600359 982147
691582506 448883
692031389 65536
692096925 16384
692113309 8192
692121501 4096
692125597 1024
692126621 512
692127133 128
692127261 32
692127293 16
692127309 8
692127317 4
692127321 3047334
695174655 982147
696156802 448883
696605685 177440
696783125 1024
696784149 512
696784661 64
696784725 32
696784757 16
696784773 8
696784781 3
696784784 3047334
699832118 982147
700814265 645301
701459566 65536
701525102 1024
701526126 256
701526382 32
701526414 2
701526416 3047334
704573750 982147
705555897 645301
706201198 148783
706349981 2048
706352029 1024
706353053 128
706353181 32
706353213 8
706353221 4
706353225 3047334
709400559 982147
710382706 645301
711028007 206097
711234104 16384
711250488 8192
711258680 4096
711262776 2048
711264824 1024
711265848 256
711266104 64
711266168 32
711266200 16
711266216 8
711266224 1
711266225 3047334
714313559 982147
715295706 970723
716266429 4
716266433 3
716266436 3047334
719313770 1964294
721278064 65536
721343600 8192
721351792 2048
721353840 1024
721354864 16
721354880 4
721354884 3047334
724402218 1964294
726366512 159729
726526241 4096
726530337 2048
726532385 128
726532513 64
726532577 16
726532593 8
726532601 3047334
729579935 1964294
731544229 252465
731796694 2048
731798742 1024
731799766 512
731800278 256
731800534 64
731800598 16
731800614 8
731800622 3
731800625 3047334
734847959 1964294
736812253 327490
737139743 16384
737156127 2048
737158175 1024
737159199 512
737159711 256
737159967 32
737159999 1
737160000 3047334
740207334 1964294
742171628 327490
742499118 98304
742597422 8192
742605614 4096
742609710 2048
742611758 16
742611774 2
742611776 3047334
745659110 1964294
747623404 448883
748072287 65536
748137823 16384
748154207 2048
748156255 512
748156767 128
748156895 64
748156959 32
748156991 16
748157007 2
748157009 3047334
751204343 1964294
753168637 448883
753617520 177440
753794960 1024
753795984 512
753796496 256
753796752 8
753796760 1
753796761 3047334
756844095 1964294
758808389 645301
759453690 65536
759519226 8192
759527418 4096
759531514 512
759532026 64
759532090 8
759532098 2
759532100 3047334
762579434 1964294
764543728 645301
765189029 159729
765348758 8192
765356950 4096
765361046 2048
765363094 512
765363606 256
765363862 128
765363990 64
765364054 32
765364086 8
765364094 4
765364098 2
765364100 3047334
768411434 1964294
770375728 897766
771273494 16384
771289878 2048
771291926 1024
771292950 512
771293462 256
771293718 64
771293782 32
771293814 16
771293830 8
771293838 3
771293841 3047334
774341175 2979209
777320384 1024
777321408 512
777321920 256
777322176 128
777322304 64
777322368 32
777322400 8
777322408 1
777322409 6094668
783417077 32768
783449845 1024
783450869 16
783450885 8
783450893 3
783450896 6094668
789545564 134680
789680244 128
789680372 16
789680388 8
789680396 4
789680400 6094668
795775068 206097
795981165 16384
795997549 8192
796005741 4096
796009837 2048
796011885 128
796012013 8
796012021 4
796012025 6094668
802106693 327490
802434183 8192
802442375 4096
802446471 256
802446727 128
802446855 16
802446871 8
802446879 2
802446881 6094668
808541549 442178
808983727 2048
808985775 256
808986031 32
808986063 16
808986079 4
808986083 1
808986084 6094668
815080752 448883
815529635 98304
815627939 2048
815629987 512
815630499 256
815630755 1
815630756 6094668
821725424 645301
822370725 8192
822378917 2048
822380965 1024
822381989 32
822382021 4
822382025 6094668
828476693 645301
829121994 114688
829236682 4096
829240778 128
829240906 64
829240970 32
829241002 16
829241018 4
829241022 3
829241025 6094668
835335693 645301
835980994 206097
836187091 16384
836203475 4096
836207571 1024
836208595 256
836208851 32
836208883 8
836208891 4
836208895 1
836208896 6094668
842303564 982147
843285711 1024
843286735 32
843286767 16
843286783 1
843286784 6094668
849381452 982147
850363599 98304
850461903 8192
850470095 4096
850474191 1024
850475215 512
850475727 64
850475791 32
850475823 16
850475839 2
850475841 6094668
856570509 982147
857552656 206097
857758753 16384
857775137 2048
857777185 32
857777217 8
857777225 6094668
863871893 982147
864854040 327490
865181530 8192
865189722 2048
865191770 256
865192026 64
865192090 8
865192098 2
865192100 6094668
871286768 982147
872268915 448883
872717798 2048
872719846 1024
872720870 512
872721382 128
872721510 64
872721574 32
872721606 16
872721622 8
872721630 4
872721634 2
872721636 6094668
878816304 982147
879798451 448883
880247334 114688
880362022 4096
880366118 512
880366630 256
880366886 64
880366950 32
880366982 16
880366998 8
880367006 3
880367009 6094668
886461677 982147
887443824 645301
888089125 32768
888121893 4096
888125989 2048
888128037 1024
888129061 256
888129317 64
888129381 16
888129397 4
888129401 6094668
894224069 982147
895206216 645301
895851517 156975
896008492 1024
896009516 256
896009772 128
896009900 64
896009964 32
896009996 4
896010000 6094668
902104668 982147
903086815 897766
903984581 16384
904000965 8192
904009157 512
904009669 256
904009925 64
904009989 8
904009997 3
904010000 6094668
910104668 1964294
912068962 32768
912101730 16384
912118114 8192
912126306 4096
912130402 128
912130530 64
912130594 4
912130598 3
912130601 6094668
918225269 1964294
920189563 177440
920367003 4096
920371099 1024
920372123 512
920372635 256
920372891 64
920372955 32
920372987 16
920373003 4
920373007 2
920373009 6094668
926467677 1964294
928431971 252465
928684436 32768
928717204 16384
928733588 4096
928737684 512
928738196 128
928738324 64
928738388 32
928738420 16
928738436 6094668
934833104 1964294
936797398 327490
937124888 98304
937223192 4096
937227288 512
937227800 256
937228056 32
937228088 8
937228096 4
937228100 6094668
943322768 1964294
945287062 448883
945735945 98304
945834249 8192
945842441 512
945842953 256
945843209 16
945843225 6094668
951937893 1964294
953902187 645301
954547488 32768
954580256 4096
954584352 512
954584864 128
954584992 32
954585024 16
954585040 1
954585041 6094668
960679709 1964294
962644003 645301
963289304 159729
963449033 4096
963453129 1024
963454153 512
963454665 64
963454729 32
963454761 16
963454777 4
963454781 3
963454784 6094668
969549452 1964294
971513746 930534
972444280 8192
972452472 1024
972453496 128
972453624 64
972453688 8
972453696 6094668
978548364 3034646
981583010 8
981583018 4
981583022 3
981583025 6094668
987677693 3047334
990725027 114688
990839715 4096
990843811 128
990843939 64
990844003 16
990844019 4
990844023 2
990844025 6094668
996938693 3047334
999986027 8192
999994219 4096
999998315 1024
999999339 512
999999851 128
999999979 16
999999995 4
