1300
1 1
2 2
4 4
8 1
2 9
8 8
9 16
11 16
16 16
8 27
11 35
25 27
4 52
32 32
4 64
27 64
32 64
46 52
35 68
52 52
11 98
8 109
16 103
56 68
35 91
64 64
128 1
35 96
64 68
35 103
16 124
27 119
46 103
56 96
64 91
25 132
68 104
64 109
52 124
68 117
91 96
96 96
96 98
98 103
103 103
52 157
56 155
103 109
104 109
68 146
64 152
109 109
91 128
103 119
98 128
103 124
117 117
109 128
117 124
104 138
119 124
119 132
126 129
128 128
256 4
132 132
128 138
129 138
132 138
131 140
132 140
131 146
109 173
138 146
128 157
140 146
131 157
140 149
138 152
119 172
109 185
149 149
149 152
129 173
152 152
149 157
132 176
157 157
140 176
146 173
128 192
132 194
155 173
155 176
129 206
146 192
157 185
172 172
149 201
157 194
176 176
152 201
140 214
149 206
173 185
172 187
172 192
173 194
176 192
157 212
176 211
176 214
194 211
209 209
213 213
219 219
216 234
227 234
234 234
237 237
219 256
234 255
241 251
242 256
243 256
237 267
255 255
256 256
512 8
260 264
264 264
267 267
271 271
270 282
272 286
286 289
288 288
294 298
302 304
291 320
306 306
306 314
308 316
314 316
316 320
316 326
320 328
326 328
326 331
316 344
331 335
331 344
328 350
342 344
338 352
344 352
351 351
355 359
359 359
359 367
342 387
369 369
354 390
358 390
369 387
344 418
358 405
350 418
387 387
368 418
353 438
306 492
354 450
364 450
367 450
368 450
354 468
390 438
359 475
390 450
387 461
426 426
390 468
390 492
438 450
426 468
450 450
438 468
450 468
367 552
450 474
438 492
468 468
474 474
450 504
468 492
474 492
474 498
492 492
475 512
492 498
498 498
364 636
498 504
387 620
504 504
499 520
510 510
512 512
1024 2
512 520
510 528
498 552
528 528
534 534
499 575
534 552
534 558
492 606
552 552
552 558
510 612
558 576
534 606
534 612
552 606
558 606
558 612
552 624
576 624
576 630
606 612
606 624
612 624
624 624
636 636
528 763
575 756
696 714
840 888
852 882
906 918
1024 1024
149 2048
68 2197
1200 1218
387 2197
353 2418
1110 2265
2048 2048
4096 817
4913 919
5832 814
6646 119
213 6646
6859 791
894 6859
350 7650
4096 4096
1728 6859
8587 654
9241 4
9245 16
1092 8587
642 9261
666 9241
678 9241
1026 9241
729 9919
1074 9907
10981 46
11027 320
738 10981
1140 11027
1134 11347
12481 390
187 12871
331 12871
786 12481
798 12871
13669 155
524 13669
822 13669
718 14193
14911 426
1134 14491
858 14911
438 15769
8192 8192
1026 15625
894 16207
17101 475
17576 277
918 17101
18019 468
18487 474
954 18487
19441 242
966 18961
19927 492
7650 13267
1002 20419
21421 499
510 21421
32 21920
1038 21931
22969 528
23497 534
24031 358
1074 23497
1086 24031
7650 18019
1110 25117
26227 418
1122 25669
1331 25669
1134 26227
1146 26791
1728 26791
28519 1272
29791 510
30301 606
1728 29791
1230 30907
624 32137
16384 16384
630 32761
33391 636
34027 642
34669 648
8000 27937
654 35317
35971 660
36631 666
5832 32137
37969 678
38647 657
39304 27
39331 690
40021 696
40717 702
1410 40717
42127 714
748 42127
42875 686
43561 726
18019 27000
45019 738
45757 744
46501 155
5832 41419
47251 756
48007 762
48769 768
49537 774
50311 342
50653 438
51091 786
25669 27000
52669 798
53467 804
24571 30301
54872 209
9241 46656
55897 822
56719 828
57547 834
58381 840
59221 98
59319 748
60067 852
60919 858
61777 1734
63511 489
64000 387
64387 882
65269 888
66157 894
67051 900
67951 906
68857 64
68921 848
24031 46656
70687 924
71611 930
72541 936
73477 611
74088 331
74419 948
75367 954
76321 960
77281 966
78247 972
79219 288
79507 690
80197 984
81181 990
82171 996
83167 1002
84169 1008
25117 60067
85184 1007
86191 1020
87211 1026
88237 1032
89269 1038
90307 818
91125 226
91351 1050
92401 1056
93457 542
93999 520
94519 1068
95587 1074
96661 675
97336 405
97741 1086
98827 1092
99919 1098
101017 1104
102121 1110
103231 592
103823 524
104347 1122
9261 97336
106597 1134
107731 1140
108871 1146
110017 575
27000 84169
111169 1158
112327 1164
113491 1170
114661 1176
19683 97336
43561 74088
117649 558
27000 92401
119401 1200
120601 1206
2418 120601
123019 1218
124237 763
125000 461
125461 1230
126691 1236
55081 74088
129169 1248
130417 654
660 130417
9 131071
8 131077
131085 8
35 131071
56 131071
68 131093
131 131085
234 131071
369 131080
576 131106
966 131093
132059 592
987 131682
987 132669
2584 132669
135253 2584
137837 2771
6765 135253
6765 142018
6859 142018
148877 8587
157464 2265
159729 6646
166375 9241
175616 1824
177440 7753
185193 9919
195112 10267
205379 718
206097 9903
216000 10981
226981 11347
238328 11719
250047 2418
252465 9679
262144 12481
274625 12871
287496 13267
300763 13669
314432 13058
327490 1019
328509 14491
343000 14911
357911 15337
373248 15769
389017 16207
405224 16651
421875 17101
438976 9907
448883 7650
25669 448883
474552 18487
493039 18961
512000 19441
531441 19927
551368 20419
571787 20917
592704 21421
614125 21931
636056 9245
645301 13202
658503 22969
681472 23497
704969 24031
729000 24571
753571 25117
778688 25669
804357 26227
830584 26791
857375 27361
884736 27937
912673 28519
941192 21920
963112 25
963137 138
264 963112
294 963137
104 963376
359 963275
277 963431
119 963634
558 963275
359 963634
936 963112
894 963275
27 964169
936 963376
213 964169
314 964169
316 964312
1050 963708
474 964382
328 964628
1024 964048
2048 963137
359 964956
286 965185
368 965185
848 964758
286 965471
304 965606
290 965757
702 965471
804 965471
1728 964628
729 965757
966 965606
1024 965606
756 965910
1050 965757
966807 32
140 966839
109 966979
534 966666
474 966807
152 967281
211 967281
990 966572
129 967562
206 967562
152 967768
798 967200
756 967281
624 967492
103 968037
620 967562
702 967562
1098 967200
438 967998
306 968182
1008 967562
512 968116
173 968488
818 967998
149 968816
4096 964956
558 968570
2197 967088
996 968436
738 968816
1038 968628
969666 128
558 969285
828 969052
405 969554
331 969666
756 969285
367 969794
1134 969052
848 969432
138 970161
131 970280
528 970041
209 970411
726 969997
187 970620
906 970041
277 970807
1074 970041
35 971115
971150 128
2771 968628
290 971150
91 971440
157 971440
786 970947
418 971440
353 971531
8192 963753
666 971399
1331 970807
1291 970947
666 971733
498 971945
1146 971399
744 971858
176 972545
352 972443
4096 968816
972912 32
306 972721
185 972944
828 972443
973271 157
1170 972399
214 973428
1008 972721
319 973569
1020 973027
474 973642
1032 973129
714 973569
848 973569
798 973729
718 973888
10267 964483
302 974527
173 974750
306 974750
492 974606
774 974417
702 974527
267 975098
4096 971399
840 974750
25 975590
542 975229
975771 32
1007 974923
814 975191
1032 975098
678 975590
124 976268
56 976392
104 976392
201 976448
219 976496
906 975930
9245 967691
290 976715
214 976836
828 976268
534 976715
2265 975098
369 977096
328 977249
1200 976496
678 977096
1200 976715
10981 966979
1000 977096
172 977960
1026 977249
304 978132
978436 126
468 978132
9241 969432
996 977774
176 978673
11347 967562
6646 972399
338 978770
1272 977960
8192 971084
4096 975229
768 978673
630 978849
492 979045
642 979045
954 978849
738 979108
11719 968264
894 979232
768 979441
285 979983
211 980209
980420 128
368 980268
654 980126
256 980548
1104 979803
774 980268
8192 972944
729 980548
227 981136
981363 64
990 980548
981538 32
475 981136
13267 968488
1024 980804
216 981755
2771 979325
319 981828
982147 17853
1000000 30301
1030301 30907
1061208 31519
1092727 32137
1124864 32761
1157625 33391
1191016 34027
1225043 34669
1259712 35317
1295029 35971
1331000 36631
1367631 37297
1404928 37969
1442897 38647
1481544 39331
1520875 40021
1560896 40717
1601613 41419
1643032 42127
1685159 42841
1728000 43561
1771561 44287
1815848 45019
1860867 45757
1906624 46501
1953125 47251
2000376 48007
2048383 48769
2097152 49537
2146689 50311
2197000 51091
2248091 51877
2299968 52669
2352637 53467
2406104 54271
2460375 55081
2515456 55897
2571353 56719
2628072 57547
2685619 58381
2744000 59221
2803221 60067
2863288 60919
2924207 61777
2985984 14193
3000177 104
3000281 117
3000398 314
3000712 234
157 3000946
611 3000712
290 3001323
3001613 152
3001765 354
3002119 267
3002386 326
3002712 350
350 3003062
3003412 255
3003667 241
3003908 201
3004109 328
606 3004109
512 3004437
3004949 355
3005304 109
364 3005413
1008 3004949
3005957 352
124 3006309
226 3006309
216 3006433
3006649 301
3006950 344
369 3007294
3007663 351
620 3007663
630 3008014
450 3008283
438 3008644
3009082 91
4096 3005304
369 3009173
1032 3008733
3009765 219
3009984 319
3010303 222
350 3010525
3010875 206
155 3011081
3011236 282
3011518 285
132 3011803
990 3011081
512 3011935
3012447 128
3012575 243
450 3012575
3013025 338
13202 3000281
3013483 291
3013774 234
286 3014008
774 3013774
328 3014548
3014876 251
353 3015127
3015480 176
840 3015127
756 3015480
3016236 285
3016521 289
306 3016810
3017116 138
3017254 368
3017622 369
3017991 140
17101 3001323
6765 3011935
10648 3008283
3018931 256
858 3018424
1007 3018424
302 3019282
461 3019282
3019743 304
126 3020047
1230 3019187
3020417 185
3020602 214
237 3020816
576 3020816
3021392 364
461 3021392
284 3021853
3022137 335
542 3022137
1104 3021853
3022957 213
267 3023170
918 3022679
3023597 172
1291 3022679
648 3023597
194 3024245
286 3024439
636 3024245
1056 3023970
3025026 288
3025314 226
211 3025540
552 3025540
3026092 294
3026386 149
353 3026386
3026739 359
3027098 192
3027290 284
3027574 132
285 3027574
15625 3012575
290 3028200
11719 3017116
768 3028200
194 3028968
3029162 251
364 3029413
304 3029777
1734 3028490
21920 3008644
575 3030081
206 3030564
1038 3030081
3031119 187
504 3031119
3031623 129
12481 3019584
3032065 271
1230 3031306
126 3032536
3032662 367
948 3032336
524 3033029
3033553 271
3033824 103
19683 3014548
242 3034231
173 3034473
302 3034646
3034948 96
2048 3033284
612 3034948
3035560 260
3035820 290
738 3035560
512 3036110
316 3036622
738 3036298
342 3036938
264 3037280
3037544 241
3037785 237
3038022 256
882 3037544
3038426 218
2048 3036938
18961 3020173
2197 3037280
3039477 266
3039743 146
882 3039134
3040016 298
6765 3033824
804 3040016
3040820 91
39304 3001765
3041069 308
3041377 270
840 3040911
852 3041069
818 3041377
552 3041751
729 3041921
9261 3033553
987 3041921
918 3042303
306 3043221
3043527 212
498 3043527
675 3043527
266 3044202
3044468 173
132 3044641
326 3044641
774 3044468
3045242 194
3045436 272
888 3044967
3045855 298
109 3046153
9919 3036622
302 3046541
367 3046843
3047210 124
3047334 1291
110017 3002119
3112136 64387
3176523 65269
3241792 66157
3307949 67051
3375000 67951
3442951 68857
3511808 69769
3581577 70687
3652264 71611
3723875 72541
3796416 73477
3869893 74419
3944312 75367
4019679 76321
1157625 3015656
4173281 78247
4251528 79219
4330747 80197
4410944 81181
4492125 82171
4574296 83167
4657463 84169
4741632 85177
4826809 86191
4913000 87211
5000211 88237
5088448 89269
5177717 90307
5268024 91351
5359375 92401
2515456 3029777
5545233 94519
5639752 95587
5735339 96661
5832000 97741
5929741 98827
6028568 99919
6128487 101017
6229504 102121
6331625 103231
6434856 104347
6539203 105469
6644672 106597
6751269 107731
6859000 108871
6967871 110017
7077888 111169
7189057 112327
7301384 113491
7414875 114661
7529536 115837
7645373 117019
7762392 118207
7880599 119401
8000000 120601
8120601 121807
8242408 123019
8365427 124237
8489664 125461
8615125 126691
8741816 127927
8869743 129169
8998912 130417
9129329 26645
9155974 11027
9167001 93999
9261000 9167001
9261000 18428001
9261000 27689001
9261000 36950001
9261000 46211001
9261000 55472001
9261000 64733001
9261000 73994001
9261000 83255001
9261000 92516001
9261000 101777001
9261000 111038001
9261000 120299001
9261000 129560001
9261000 138821001
9261000 148082001
9261000 157343001
9261000 166604001
9261000 175865001
9261000 185126001
9261000 194387001
9261000 203648001
9261000 212909001
9261000 222170001
9261000 231431001
9261000 240692001
9261000 249953001
9261000 259214001
9261000 268475001
9261000 277736001
9261000 286997001
9261000 296258001
9261000 305519001
9261000 314780001
9261000 324041001
9261000 333302001
9261000 342563001
9261000 351824001
9261000 361085001
9261000 370346001
9261000 379607001
9261000 388868001
9261000 398129001
9261000 407390001
9261000 416651001
9261000 425912001
9261000 435173001
9261000 444434001
9261000 453695001
9261000 462956001
9261000 472217001
9261000 481478001
9261000 490739001
500000001 8
27 500000009
500000036 64
216 500000009
216 500000225
748 500000036
500000784 512
500001296 729
1000 500002025
500003025 1331
500004356 1728
500006084 2197
8000 500003025
500011025 3375
500014400 4096
500018496 4913
500023409 5832
500029241 6859
500036100 8000
500044100 9261
10648 500053361
500064009 12167
500076176 13824
500090000 15625
500105625 17576
500123201 19683
500142884 21952
500164836 24389
27000 500189225
500216225 29791
500246016 32768
500278784 35937
39304 500314721
500354025 42875
500396900 46656
500443556 50653
500494209 54872
500549081 59319
500608400 64000
500672400 68921
500741321 74088
500815409 79507
500894916 85184
500980100 91125
501071225 97336
501168561 103823
501272384 110592
501382976 117649
501500625 125000
501625625 132651
501758276 140608
501898884 148877
502047761 157464
502205225 166375
502371600 175616
502547216 185193
502732409 195112
502927521 205379
503132900 216000
503348900 226981
503575881 238328
503814209 250047
504064256 262144
504326400 274625
504601025 287496
504888521 300763
505189284 314432
328509 505503716
505832225 343000
506175225 357911
506533136 373248
506906384 389017
507295401 405224
507700625 421875
508122500 438976
508561476 456533
509018009 474552
509492561 493039
509985600 512000
510497600 531441
511029041 551368
511580409 571787
512152196 592704
512744900 614125
513359025 636056
513995081 658503
514653584 681472
515335056 704969
516040025 729000
516769025 753571
517522596 778688
518301284 804357
519105641 830584
519936225 857375
520793600 884736
521678336 912673
522591009 941192
523532201 970299
524502500 1000000
525502500 1030301
526532801 1061208
527594009 1092727
528686736 1124864
529811600 1157625
530969225 1191016
532160241 1225043
533385284 1259712
534644996 1295029
535940025 1331000
537271025 1367631
538638656 1404928
540043584 1442897
541486481 1481544
542968025 1520875
544488900 1560896
546049796 1601613
547651409 1643032
549294441 1685159
550979600 1728000
552707600 1771561
554479161 1815848
556295009 1860867
558155876 1906624
560062500 1953125
562015625 2000376
564016001 2048383
566064384 2097152
568161536 2146689
570308225 2197000
572505225 2248091
574753316 2299968
577053284 2352637
579405921 2406104
581812025 2460375
584272400 2515456
586787856 2571353
589359209 2628072
591987281 2685619
594672900 2744000
597416900 2803221
600220121 2863288
603083409 2924207
606007616 2985984
608993600 3048625
612042225 3112136
615154361 3176523
618330884 3241792
621572676 3307949
624880625 3375000
628255625 3442951
631698576 3511808
635210384 3581577
638791961 3652264
642444225 3723875
646168100 3796416
649964516 3869893
653834409 3944312
657778721 4019679
661798400 4096000
665894400 4173281
670067681 4251528
674319209 4330747
678649956 4410944
683060900 4492125
687553025 4574296
692127321 4657463
696784784 4741632
701526416 4826809
706353225 4913000
711266225 5000211
716266436 5088448
721354884 5177717
726532601 5268024
731800625 5359375
737160000 5451776
742611776 5545233
748157009 5639752
753796761 5735339
759532100 5832000
765364100 5929741
771293841 6028568
777322409 6128487
783450896 6229504
789680400 6331625
796012025 6434856
802446881 6539203
808986084 6644672
815630756 6751269
822382025 6859000
829241025 6967871
836208896 7077888
843286784 7189057
850475841 7301384
857777225 7414875
865192100 7529536
872721636 7645373
880367009 7762392
888129401 7880599
896010000 8000000
904010000 8120601
912130601 8242408
920373009 8365427
928738436 8489664
937228100 8615125
945843225 8741816
954585041 8869743
963454784 8998912
972453696 9129329
981583025 9261000
990844025 9155974
