1435
1 1
2 1
2 2
4 1
4 2
6 1
4 4
1 8
9 1
10 1
10 2
9 4
13 2
8 8
16 1
9 9
18 1
19 1
18 3
21 2
21 3
24 1
24 2
26 1
27 1
27 3
27 4
16 16
32 1
33 1
34 1
18 18
36 1
37 1
37 2
39 1
39 3
39 5
44 1
37 10
47 1
37 12
49 2
49 3
49 4
36 19
55 1
55 4
59 1
55 8
32 32
64 2
66 3
64 6
36 36
72 1
72 4
72 5
77 1
78 1
72 8
80 1
81 1
82 1
82 2
72 13
85 3
72 17
89 2
91 1
91 2
89 5
94 1
89 7
96 1
89 9
98 2
98 3
101 1
102 1
103 1
104 4
102 7
109 1
110 1
109 3
112 2
101 15
116 1
116 3
116 4
101 20
121 1
122 1
122 2
122 3
121 5
126 1
64 64
128 1
128 2
130 1
131 1
132 1
131 4
131 5
130 7
128 10
138 1
138 2
138 3
141 1
142 1
72 72
144 1
145 1
145 2
147 1
145 4
145 6
151 1
151 2
144 10
154 1
154 2
156 1
157 1
156 3
154 6
160 1
161 3
144 26
170 2
172 1
173 4
170 10
180 2
180 5
185 7
185 9
194 2
194 4
194 6
170 31
201 5
144 63
207 4
207 6
213 1
214 4
213 6
219 3
213 10
223 1
223 3
226 2
223 8
144 89
233 1
234 3
237 3
234 7
241 2
243 1
244 3
243 8
243 11
234 21
128 128
256 4
260 4
264 2
256 11
267 2
269 1
269 2
271 1
271 3
269 6
267 11
278 1
278 4
282 2
282 3
285 1
144 144
288 1
288 2
290 4
294 4
290 11
301 1
288 15
303 1
303 3
306 2
303 8
311 2
303 11
314 2
314 3
314 5
314 12
326 2
328 3
328 7
328 11
339 1
339 2
341 1
341 2
328 16
344 1
345 2
347 1
344 5
326 24
350 1
350 2
352 1
314 40
354 1
355 4
288 72
360 1
360 4
364 2
364 3
364 4
364 5
360 17
377 10
30 360
390 5
395 1
396 9
405 9
395 23
418 2
390 33
423 3
423 10
433 5
438 12
450 11
450 18
468 4
472 26
498 6
433 77
256 256
512 13
525 3
528 6
512 24
536 10
546 6
552 6
558 6
564 12
576 1
576 6
536 56
592 1
593 2
593 13
512 98
610 8
618 5
618 6
624 12
610 32
610 44
654 4
658 2
660 6
658 9
667 5
672 6
678 8
678 12
654 42
696 6
702 6
708 6
714 12
610 119
729 3
732 6
738 10
738 18
756 6
762 6
768 6
390 390
780 6
786 6
792 6
798 6
804 7
804 18
822 6
828 6
834 6
840 8
840 12
852 6
858 24
882 12
894 6
900 6
906 12
780 139
919 5
924 6
930 6
919 35
954 6
960 6
966 6
972 12
780 207
987 3
990 6
996 6
1002 5
1002 6
987 28
987 30
987 32
512 512
1024 1
1025 7
1032 6
1038 12
1050 6
1056 6
1062 6
1024 45
1024 47
1071 3
1074 12
1086 6
1092 6
1098 6
1104 24
1071 63
1134 6
1071 70
1141 5
1146 12
1158 6
1164 6
1170 6
1176 6
1141 51
1192 2
1194 6
1200 12
1212 6
1141 80
1221 9
1230 6
1236 6
1242 6
1221 69
1290 1
1024 303
1327 4
1331 56
1387 94
1387 117
780 780
1560 37
1597 49
1597 53
1597 131
1728 244
1560 423
1983 63
1024 1024
2048 149
2197 240
2048 433
2048 536
2584 7
2591 20
2591 153
2584 170
2754 17
2754 96
1560 1560
3120 49
3169 198
3120 255
3375 196
3571 4
3571 426
2048 2048
4096 85
4181 38
4219 228
4447 35
4181 732
4913 254
5167 510
4913 919
5832 109
4096 1983
6079 132
3120 3120
6240 247
6487 159
6240 525
6765 4
6765 94
6859 198
7057 593
7057 696
6859 1141
4096 4096
8192 395
8587 654
8192 1069
9261 418
9679 35
9261 642
9261 658
9919 348
9261 1387
8192 2754
10946 35
10981 76
10981 366
11347 472
10946 1221
6240 6240
12480 1
12480 49
12529 342
12871 331
12871 396
12529 1071
13600 69
13600 224
13824 667
14491 420
14911 426
15337 123
12480 3120
24 15600
15624 1
15625 144
15769 438
8192 8192
16384 267
16651 450
16384 1192
16384 1327
17711 142
17711 308
18019 468
18487 954
17711 1972
19683 244
17711 2591
20302 117
20419 498
20917 504
20302 1650
21952 1017
22969 528
23497 534
21952 2437
24389 182
24571 546
25117 552
25669 558
26227 564
24389 2611
27000 361
27361 576
27937 582
17711 10946
28657 1134
29791 510
30301 606
15624 15624
31248 271
31519 618
32137 624
16384 16384
32768 623
33391 636
34027 1290
32768 3169
35937 34
35971 660
36631 666
37297 672
37969 678
35937 3367
39304 27
39331 690
40021 696
40717 92
40717 702
41419 708
42127 714
39304 3571
42875 686
43561 726
44287 732
45019 738
32768 13600
46368 133
46368 288
46656 595
47251 756
48007 762
48769 768
49537 774
46656 3997
50653 438
51091 786
51877 792
52669 798
53467 804
50653 4219
54872 1025
55897 822
56719 828
57547 834
58381 840
54872 4447
59319 748
60067 852
60919 858
31248 31248
62496 1015
62496 1504
64000 387
64387 882
62496 2850
65346 811
66157 894
67051 900
67951 906
65346 3575
68921 848
69769 918
70687 924
71611 930
72541 936
68921 5167
74088 331
62496 12529
75025 342
75367 954
76321 960
77281 966
78247 972
75025 4482
79507 690
80197 984
81181 990
82171 996
83167 1002
84169 1008
79507 5677
85184 1007
86191 2046
88237 1032
89269 1038
85184 5941
91125 226
91351 1050
92401 1056
93457 1062
94519 1068
95587 1074
91125 6211
97336 405
97741 1086
98827 1092
99919 1098
101017 1104
97336 6487
103823 1646
105469 1128
106597 1134
107731 1140
108871 1146
103823 6769
110592 577
111169 1158
112327 1164
113491 1170
114661 1176
115837 1182
110592 7057
117649 558
118207 1194
119401 1200
75025 46368
121393 414
121807 1212
123019 1218
62496 62496
124992 8
125000 461
125461 1230
126691 1236
127927 1242
129169 1248
124992 6079
131071 6
9 131071
8 131077
8 131085
131093 13
131106 21
131127 34
131161 55
131161 144
131161 288
131449 222
131449 233
131682 377
132059 592
132059 610
132669 987
133656 1597
135253 2584
137837 2771
137837 4181
142018 6765
148783 94
148877 8587
148783 10946
159729 6646
166375 9241
159729 17711
177440 7753
185193 9919
195112 10267
177440 28657
206097 1481
206097 9903
216000 10981
226981 11347
124992 124992
249984 63
249984 2481
252465 9679
262144 12481
274625 12871
287496 13267
300763 13669
252465 65346
252465 75025
327490 1019
328509 14491
343000 14911
357911 15337
373248 15769
389017 16207
405224 16651
421875 17101
327490 121393
448883 7650
456533 18019
474552 18487
249984 249984
499968 213
500181 11819
512000 19441
531441 19927
551368 20419
571787 20917
592704 21421
499968 124992
39 624960
624999 11057
624999 20302
645301 13202
658503 22969
681472 23497
704969 24031
729000 24571
753571 25117
778688 25669
804357 26227
830584 26791
857375 27361
884736 27937
912673 28519
645301 317811
963112 25
963137 138
963275 101
55 963376
49 963431
963480 154
963275 433
377 963376
963753 80
963833 160
55 963993
964048 121
964169 27
964196 116
964312 70
964382 101
964483 145
1327 963431
964758 98
964856 100
964956 116
2048 963137
965185 130
965315 156
1560 963993
965553 53
965606 151
965757 153
965910 137
966047 126
966173 102
966275 81
130 966356
525 966047
1024 965606
36 966630
966666 141
966807 32
966839 140
966979 109
967088 112
967200 81
967200 233
967433 59
70 967492
967562 129
967691 77
967768 152
967920 78
967998 39
968037 79
968116 24
145 968037
968182 82
968182 116
966839 1597
968436 52
82 968488
968116 512
33 968628
968661 155
968816 149
967492 1560
969052 76
987 968298
969285 147
969432 122
969554 112
128 969666
969794 49
37 969843
966839 3120
969843 154
969959 82
970041 120
970161 25
970186 94
970280 19
970280 131
610 969959
970569 51
154 970569
970723 84
970411 536
137 970947
971084 31
971115 35
128 971150
121 971278
969880 1560
971440 91
971531 66
971597 136
971733 125
971733 151
963753 8192
971945 120
969554 2584
972138 100
972238 161
972399 44
972443 102
1071 971531
972602 119
2754 970041
968816 4096
32 972912
972944 83
973027 102
973129 142
2481 970947
141 973428
973569 73
973569 160
973729 159
159 973888
987 973129
974116 45
974161 122
256 974161
974417 110
79 974527
4181 970569
974750 79
94 974829
1327 973729
975056 42
975098 93
131 975098
974829 536
971399 4096
975495 95
975590 25
975615 156
32 975771
975771 159
975615 390
125 976005
138 976130
976268 124
976392 56
976448 48
976496 153
976649 66
121 976715
976836 100
976936 69
977005 45
977005 91
153 977096
975803 1560
977363 102
112 977465
977577 119
977696 78
141 977774
45 977915
136 977960
978096 36
977915 360
978275 161
126 978436
978562 38
73 978600
170 978600
978770 79
978849 60
978909 136
63 979045
1983 977249
971084 8192
979232 93
979325 116
38 979441
96 979441
2591 977096
116 979687
159 979687
979846 137
974047 6079
980126 83
980126 142
152 980268
128 980420
980548 88
360 980420
256 980548
980804 103
980907 135
94 981042
141 981136
979803 1560
978673 2754
981427 111
981538 32
73 981538
981611 144
73 981755
433 981538
977915 4181
51 982096
982147 17853
1000000 30301
1030301 30907
1061208 31519
1092727 32137
1124864 32761
1157625 33391
1191016 34027
624999 624999
1249998 9714
1259712 35317
1295029 35971
1331000 36631
1367631 37297
1404928 37969
1442897 38647
1481544 39331
1520875 40021
1560896 40717
1601613 41419
1643032 42127
1685159 42841
1728000 43561
1771561 44287
1815848 45019
1860867 45757
1906624 46501
1953125 47251
2000376 48007
2048383 48769
2097152 49537
2146689 50311
2197000 51091
2248091 51877
2299968 52669
2352637 53467
2406104 40809
2406104 54271
1249998 1249998
2499996 15460
2515456 55897
2571353 56719
2628072 57547
2685619 58381
2744000 59221
2803221 60067
2863288 60919
2924207 61777
2499996 500181
3000177 104
3000281 117
3000398 314
3000712 234
3000946 157
377 3000946
3001323 290
3001613 152
3001765 354
3002119 267
3002386 326
3002712 350
3003062 350
3003412 255
3003667 241
3003908 201
3004109 328
3004437 278
512 3004437
3004949 355
109 3005304
3005413 364
3005777 180
3005957 352
124 3006309
102 3006433
3006535 114
3006649 301
3006950 344
3007294 369
3007663 351
3008014 269
3008283 361
89 3008644
3008733 349
3009082 91
3005304 4096
369 3009173
3009542 223
3009765 219
3009984 319
3010303 222
3010525 350
3010875 206
3010875 361
3011236 282
3011518 285
3011803 132
136 3011935
3011935 512
2591 3009984
3012575 243
3012818 207
1560 3011803
120 3013363
3012447 1327
10946 3003062
3001765 12529
3014294 254
3014548 328
3014876 251
3015127 353
3014876 780
3015656 311
269 3015967
285 3016236
3016521 289
3016810 306
138 3017116
3017254 368
369 3017622
3017991 140
3017991 433
6765 3011935
3018700 231
3018931 256
351 3018931
3019282 149
153 3019431
3019584 159
3019743 304
3020047 126
3016236 4181
3020417 185
3020602 214
3020816 237
3021053 339
3021392 364
3021756 97
3021853 284
3022137 335
207 3022472
3022679 278
3022957 213
267 3023170
3023437 160
3023597 172
201 3023769
3023970 275
3024245 194
3024439 286
156 3024725
3024881 145
3025026 288
3025314 226
3025540 211
3025751 341
3026092 294
3026386 149
3026386 353
3026739 359
3027098 192
284 3027290
132 3027574
153 3027706
341 3027859
3028200 290
3028490 345
3028835 133
194 3028968
251 3029162
3029413 364
304 3029777
3030081 143
3030224 340
3030564 92
3030564 206
3030770 349
3030770 536
3031306 317
129 3031623
3031752 313
3032065 271
3032336 200
326 3032336
3032662 367
255 3033029
3033284 269
3033553 271
103 3033824
3033927 304
3031623 2850
3034473 173
3034646 302
96 3034948
2048 3033284
3035332 228
3035560 260
3035820 290
12529 3023769
512 3036110
3036622 316
98 3036938
3037036 244
3037280 264
241 3037544
237 3037785
256 3038022
3038278 148
3038426 218
3036938 2048
148 3038986
3039134 343
3039477 266
3039743 146
3039889 127
3040016 298
6765 3033824
3040589 231
91 3040820
3040911 158
3041069 308
3041377 270
3041647 104
3041751 170
3041921 274
3042195 108
3042303 347
3042650 164
3042814 94
313 3042908
306 3043221
20302 3023437
3037785 6240
3044025 177
3044202 266
173 3044468
132 3044641
326 3044641
275 3044967
194 3045242
3045436 272
3045708 147
3045855 298
3046153 109
3046262 279
3046541 302
3046843 367
3047210 124
3047334 1291
3048625 63511
3112136 64387
3176523 65269
3241792 66157
3307949 67051
3375000 67951
3442951 68857
3511808 69769
3581577 70687
3652264 71611
3723875 72541
3796416 73477
3869893 74419
3944312 75367
4019679 76321
4096000 77281
4173281 78247
4251528 79219
4330747 80197
4410944 81181
4492125 82171
4574296 83167
4657463 84169
4741632 85177
4826809 86191
2499996 2499996
4999992 219
5000211 88237
5088448 89269
5177717 90307
5268024 91351
5359375 92401
5451776 93457
5545233 94519
5639752 95587
5735339 96661
5832000 97741
5929741 98827
6028568 99919
6128487 101017
6229504 102121
6331625 207578
6539203 105469
6644672 106597
6751269 107731
6859000 108871
6967871 110017
7077888 111169
7189057 112327
7301384 113491
7414875 114661
7529536 115837
7645373 117019
7762392 118207
7880599 119401
8000000 120601
8120601 121807
8242408 123019
8365427 124237
8489664 125461
8615125 126691
8741816 127927
8869743 129169
8998912 130417
9129329 131671
4999992 4999992
9999984 9999984
19999968 4999992
39 24999960
24999999 24999999
49999998 49999998
99999996 21
99999996 99999996
199999992 199999992
399999984 100000017
500000001 8
500000009 27
500000009 91
500000100 125
341 500000100
500000441 343
512 500000784
500001296 729
2584 500000441
500003025 1331
500004356 1728
500006084 2197
500008281 2744
500011025 3375
500014400 4096
500018496 4913
500023409 5832
500029241 6859
500036100 8000
500044100 9261
500053361 10648
500064009 12167
500076176 13824
500090000 15625
500105625 17576
500123201 19683
500142884 21952
500164836 24389
500189225 27000
500216225 29791
32768 500246016
500278784 35937
500314721 39304
500354025 42875
500396900 46656
500443556 50653
500494209 54872
500549081 59319
500608400 64000
500672400 68921
500741321 74088
500815409 79507
500894916 85184
500980100 91125
501071225 97336
501168561 103823
501272384 110592
501382976 117649
501500625 125000
501625625 132651
501758276 140608
501898884 148877
502047761 157464
502205225 166375
502371600 175616
502547216 185193
502732409 195112
502927521 205379
503132900 216000
503348900 226981
503575881 238328
503814209 250047
504064256 262144
504326400 274625
504601025 287496
504888521 300763
505189284 314432
505503716 328509
505832225 343000
506175225 357911
506533136 373248
506906384 389017
507295401 405224
507700625 421875
508122500 438976
508561476 456533
509018009 474552
509492561 493039
509985600 512000
510497600 531441
511029041 551368
511580409 571787
512152196 592704
512744900 614125
513359025 636056
513995081 658503
514653584 681472
515335056 704969
516040025 729000
516769025 753571
517522596 778688
518301284 804357
519105641 830584
519936225 857375
520793600 884736
521678336 912673
522591009 941192
523532201 970299
524502500 1000000
525502500 1030301
526532801 1061208
527594009 1092727
528686736 1124864
529811600 1157625
530969225 1191016
532160241 1225043
533385284 1259712
534644996 1295029
535940025 1331000
537271025 1367631
538638656 1404928
540043584 1442897
541486481 1481544
542968025 1520875
544488900 1560896
546049796 1601613
547651409 1643032
549294441 1685159
550979600 1728000
552707600 1771561
554479161 1815848
556295009 1860867
558155876 1906624
560062500 1953125
562015625 2000376
564016001 2048383
566064384 2097152
568161536 2146689
570308225 2197000
572505225 2248091
574753316 2299968
577053284 2352637
579405921 2406104
581812025 2460375
584272400 2515456
586787856 2571353
589359209 2628072
591987281 2685619
594672900 2744000
597416900 2803221
600220121 2863288
603083409 2924207
606007616 2985984
608993600 3048625
612042225 3112136
615154361 3176523
618330884 3241792
621572676 3307949
624880625 3375000
628255625 3442951
631698576 3511808
635210384 3581577
638791961 3652264
642444225 3723875
646168100 3796416
649964516 3869893
653834409 3944312
657778721 4019679
661798400 4096000
665894400 4173281
670067681 4251528
674319209 4330747
678649956 4410944
683060900 4492125
687553025 4574296
692127321 4657463
696784784 4741632
701526416 4826809
706353225 4913000
711266225 5000211
716266436 5088448
721354884 5177717
726532601 5268024
731800625 5359375
737160000 5451776
742611776 5545233
748157009 5639752
753796761 5735339
759532100 5832000
765364100 5929741
771293841 6028568
777322409 6128487
783450896 6229504
789680400 6331625
399999984 399999984
799999968 2446913
802446881 6539203
808986084 6644672
815630756 6751269
822382025 6859000
829241025 6967871
836208896 7077888
843286784 7189057
850475841 7301384
857777225 7414875
865192100 7529536
872721636 7645373
880367009 7762392
888129401 7880599
896010000 8000000
904010000 8120601
912130601 8242408
920373009 8365427
928738436 8489664
937228100 8615125
945843225 8741816
954585041 8869743
963454784 8998912
972453696 9129329
981583025 9261000
799999968 199999992
39 999999960
