1605
1 1
2 1
3 1
4 1
5 1
6 2
8 5
13 3
16 5
21 3
24 1
25 1
26 1
27 4
31 1
32 1
33 1
34 1
35 1
36 1
37 1
38 1
39 2
41 1
42 1
43 1
44 1
45 1
46 2
48 1
49 2
51 1
52 1
53 2
55 1
56 1
57 1
58 1
59 1
60 1
61 2
63 1
64 2
66 3
69 1
70 3
73 1
74 1
75 1
76 1
77 1
78 1
79 1
80 1
81 1
82 1
83 1
84 2
86 1
87 1
88 1
89 2
91 1
92 1
93 1
94 1
95 1
96 1
97 1
98 2
100 1
101 1
102 1
103 1
104 4
108 1
109 1
110 1
111 1
112 1
113 1
114 2
116 1
117 2
119 1
120 1
121 1
122 2
124 1
125 1
126 1
127 1
128 1
129 1
130 1
131 1
132 1
133 1
134 1
135 1
136 1
137 1
138 2
140 1
141 1
142 1
143 1
144 1
145 1
146 1
147 1
148 1
149 1
150 1
151 1
152 1
153 1
154 1
155 1
156 1
157 1
158 1
159 1
160 1
161 3
164 6
170 2
172 1
173 3
176 1
177 3
180 5
185 2
187 1
188 4
192 2
194 6
200 1
201 3
204 2
206 1
207 4
211 1
212 1
213 1
214 2
216 2
218 1
219 1
220 2
222 1
223 3
226 1
227 1
228 3
231 2
233 1
234 3
237 4
241 1
242 1
243 1
244 6
250 1
251 3
254 1
255 1
256 4
260 4
264 2
266 1
267 2
269 1
270 1
271 1
272 2
274 1
275 1
276 2
278 1
279 3
282 2
284 1
285 1
286 2
288 1
289 1
290 1
291 2
293 1
294 4
298 3
301 1
302 2
304 2
306 2
308 3
311 2
313 1
314 2
316 1
317 2
319 5
324 2
326 2
319 16
335 3
338 1
339 1
340 1
341 1
342 1
343 1
344 1
345 2
347 2
349 1
350 1
351 1
352 1
353 1
354 1
355 4
359 2
361 3
364 3
367 1
368 1
368 8
376 1
377 135
512 98
610 119
610 377
987 13
1000 24
987 344
1331 266
1597 131
1024 1024
2048 149
1597 987
2584 160
1024 101
2744 610
3354 21
2048 2048
2584 1597
4181 729
4910 3
2744 172
2916 2916
4181 2584
6765 94
1728 272
2000 2000
4000 4000
8000 192
2744 343
8192 1024
9216 45
2584 78
2662 2662
5324 5324
10648 298
377 152
10946 1125
12071 96
6859 53
6912 6912
3087 38
13824 1728
15552 73
8192 8192
4181 213
4394 4394
8788 8788
17576 135
5832 729
17711 1728
19439 244
10648 328
10976 10976
729 112
21952 2197
24149 237
24386 3
8788 212
24389 2584
26973 27
17711 10946
841 120
28657 1125
29782 8
29790 1
16384 16384
10648 1331
32768 3125
35893 44
19439 213
19652 19652
5832 293
39304 3375
42679 194
42873 2
28657 17711
46368 288
1331 38
46656 3375
50031 610
50641 8
50649 4
6859 6859
13718 13718
27436 27436
19652 121
54872 4394
59266 53
12071 729
59319 4394
63713 286
63999 1
1597 84
64000 4913
68913 8
21952 2744
68921 4913
73834 254
46368 28657
1728 121
75025 4394
79419 88
10648 10648
21296 21296
42592 42592
27000 3375
85184 5832
91016 109
24149 185
24334 24334
48668 48668
377 122
97336 961
98297 6
2048 161
98303 5324
103627 194
103821 2
32768 4096
103823 6765
110588 4
2209 192
110592 6912
117504 145
75025 46368
24696 304
121393 3375
124768 231
124999 1
39304 4913
125000 6912
131912 729
132641 8
132649 2
17576 17576
35152 35152
70304 70304
2662 147
140608 8192
148800 77
46656 5832
148877 8192
157069 377
157446 16
157462 2
21296 11979
157464 8788
166252 122
166374 1
25000 88
166375 9216
175591 25
54872 6859
175616 9261
184877 316
97336 220
97556 97556
121393 75025
3354 127
196418 8788
205206 173
68913 3087
205379 9261
214640 1331
215971 27
215998 2
3354 367
216000 10976
226976 5
59266 316
59582 59582
119164 119164
74088 9261
238328 10976
249304 729
250033 13
250046 1
32768 32768
65536 65536
131072 131072
54872 53
262144 12167
274311 314
85184 10648
274625 12800
287425 70
287495 1
4394 95
287496 12800
300296 377
300673 89
300762 1
157069 147
157216 157216
196418 121393
97336 12167
317811 10648
328459 49
328508 1
83349 2401
85750 85750
171500 171500
4913 128
343000 13824
356824 1024
357848 63
117504 6912
357911 13824
371735 1369
373104 144
5324 5
373248 15625
388873 144
50653 50653
101306 101306
202612 202612
125000 15625
405224 16384
421608 267
109503 241
109744 109744
219488 219488
9261 56
438976 16384
455360 1125
456485 48
140608 17576
456533 17711
474244 308
6125 116
474552 17711
492263 729
492992 46
493038 1
196418 59582
256000 256000
157464 19683
512000 19439
531439 2
68921 68921
137842 137842
275684 275684
6765 124
551368 19773
571141 610
571751 36
175616 21952
571787 19773
591560 1125
592685 16
592701 3
35937 188
592704 21296
614000 125
79507 79507
159014 159014
318028 318028
219488 13
636056 21952
658008 377
658385 117
658502 1
85184 85184
170368 170368
340736 340736
636056 68913
216000 27000
704969 21952
726921 2048
728969 31
8192 89
729000 24389
753389 180
753569 2
97336 97336
194672 194672
389344 389344
238328 29791
778688 25088
803776 529
804305 52
103823 103823
207646 207646
415292 415292
109744 61731
830584 25088
855672 1681
857353 21
857374 1
262144 32768
857375 27000
884375 361
9317 92
884736 27436
912172 499
912671 2
117649 117649
235298 235298
470596 470596
287496 35937
941192 28657
969849 377
970226 73
125000 125000
250000 250000
500000 500000
1000000 29791
1029791 499
1030290 8
1030298 3
314432 39304
1030301 30375
1060676 529
1061205 3
1061208 30375
1091583 1125
1092708 16
1092724 3
140608 140608
281216 281216
562432 562432
343000 42875
1124864 30375
1155239 2209
1157448 177
148877 148877
297754 297754
595508 595508
6125 5324
1191016 33275
1224291 729
1225020 21
1225041 2
373248 46656
1225043 33275
1258318 1369
1259687 25
1259712 35152
1294864 164
1295028 1
323433 9317
332750 332750
665500 665500
405224 50653
1331000 36125
1367125 499
1367624 6
1367630 1
175616 175616
351232 351232
702464 702464
1404928 36864
1441792 1024
1442816 81
438976 54872
1442897 36864
1479761 1728
1481489 55
194672 109503
1481544 39304
1520848 27
195112 195112
390224 390224
780448 780448
474552 59319
1560896 39304
1600200 1369
1601569 44
205379 205379
410758 410758
821516 821516
1643032 39304
1682336 2809
1685145 13
1685158 1
614000 250000
864000 864000
11979 2662
1728000 42875
1770875 610
1771485 76
226981 226981
453962 453962
907924 907924
551368 68921
1815848 44217
1860065 729
1860794 73
455360 21296
476656 476656
953312 953312
250000 140625
1906624 46368
1952992 133
1000000 188
1000188 1000188
28657 172
28829 28829
2000376 17576
2017952 78
2018030 29791
2047821 529
2048350 33
262144 262144
524288 524288
1048576 1048576
636056 79507
2097152 48668
2145820 841
2146661 27
2146688 1
281216 158184
2146689 50031
2196720 279
2196999 1
2197000 50653
2247653 377
2248030 61
681472 85184
2248091 50653
2298744 1125
2299869 98
2299967 1
17576 113
2299968 52488
2352456 180
2352636 1
300763 300763
601526 601526
1203052 1203052
729000 91125
2406104 52488
2458592 1728
2460320 55
314432 314432
628864 628864
1257728 1257728
2515456 54925
2570381 961
2571342 8
2571350 3
778688 97336
2571353 54925
2626278 1728
2628006 66
138 1
2628072 54925
2682997 2584
2685581 38
614000 72000
686000 686000
1372000 1372000
830584 103823
2744000 57658
2801658 1369
2803027 194
357911 357911
715822 715822
1431644 1431644
2352456 571751
1000000 492992
1492992 1492992
390224 219501
2985984 61731
3047715 841
3048556 69
389017 389017
778034 778034
1556068 1556068
941192 117649
3112136 64000
3176136 377
3176513 8
3176521 2
405224 405224
810448 810448
1620896 1620896
3241792 65536
3307328 610
3307938 8
3307946 3
1124864 136
3307949 65536
3373485 1369
3374854 146
3375000 65536
3440536 2401
3442937 13
3442950 1
438976 438976
877952 877952
1755904 1755904
1061208 132651
3511808 68921
3580729 841
3581570 6
3581576 1
456533 456533
913066 913066
1826132 1826132
476656 268119
3652264 70304
3722568 1125
3723693 180
3723873 2
1124864 140608
3723875 72000
3795875 529
3796404 8
3796412 4
24389 260
3796416 72000
3868416 1369
3869785 108
493039 493039
986078 986078
1972156 1972156
1191016 148877
3944312 75025
4019337 342
524288 294912
4019679 75025
4094704 1125
4095829 170
4095999 1
4096000 75025
4171025 2209
4173234 46
4173280 1
1259712 157464
4173281 75025
4248306 3125
4251431 97
161 2
4251528 75025
4326553 4181
4330734 13
551368 551368
1102736 1102736
2205472 2205472
1331000 166375
4410944 79507
4490451 1597
4492048 77
571787 571787
1143574 1143574
2287148 2287148
164 3
4574296 79507
4653803 3481
4657284 177
4657461 2
1404928 175616
4657463 83349
4740812 729
4741541 91
27436 1125
4741632 83349
4824981 1728
4826709 100
628864 353736
4826809 85750
4912559 377
4912936 64
1481544 185193
4913000 85750
4998750 1369
5000119 92
636056 636056
1272112 1272112
2544224 2544224
29791 138
5088448 85750
5174198 3481
5177679 38
1755904 104
5177717 85750
5263467 4489
5267956 66
5268022 2
686000 385875
5268024 91125
5359149 226
681472 681472
1362944 1362944
2725888 2725888
1643032 205379
5451776 91125
5542901 2209
5545110 122
5545232 1
704969 704969
1409938 1409938
2819876 2819876
27000 5041
5639752 91125
5730877 4394
5735271 66
5735337 2
1728000 216000
5735339 95832
5831171 729
5831900 100
180 1
5832000 97556
5929556 185
753571 753571
1507142 1507142
3014284 3014284
1815848 226981
6028568 98303
6126871 1597
6128468 16
6128484 3
778688 778688
1557376 1557376
3114752 3114752
810448 455877
6229504 101306
6330810 729
6331539 86
1906624 238328
6331625 101306
6432931 1849
6434780 76
562432 32041
6434856 103823
6538679 512
6539191 8
6539199 4
830584 830584
1661168 1661168
3322336 3322336
2000376 250047
6644672 103823
6748495 2744
6751239 27
6751266 3
877952 493848
6751269 103823
6855092 3721
6858813 187
188 3
6859000 103823
6962823 5041
6967864 6
6967870 1
2097152 1441792
3538944 3538944
192 1
7077888 110592
7188480 529
7189009 48
912673 912673
1825346 1825346
3650692 3650692
2197000 274625
7301384 110592
7411976 2809
7414785 89
7414874 1
941192 941192
1882384 1882384
3764768 3764768
35893 2916
7529536 110592
7640128 5041
7645169 204
2299968 287496
7645373 110592
7755965 6241
7762206 185
7762391 1
194 5
7762392 117649
7880041 529
7880570 27
7880597 2
1000000 1000000
2000000 2000000
4000000 4000000
2406104 300763
8000000 119164
8119164 1369
8120533 66
8120599 2
1030301 1030301
2060602 2060602
4121204 4121204
170368 355
8242408 121393
8363801 1597
8365398 27
8365425 2
2515456 314432
8365427 121393
8486820 2809
8489629 35
1102736 620289
8489664 125000
8614664 377
8615041 84
1092727 1092727
2185454 2185454
4370908 4370908
2628072 328509
8741816 125000
8866816 2916
8869732 8
8869740 3
1124864 1124864
2249728 2249728
4499456 4499456
64000 11449
8998912 125000
9123912 5329
9129241 88
4913 93
9129329 25088
9154417 1369
9155786 188
2744000 343000
9155974 103823
9259797 1125
9260922 78
377 46
9261000 9261000
18522000 18522000
37044000 37044000
74088000 74088000
148176000 148176000
296352000 148176000
444528000 37044000
481572000 9261000
490833000 6028568
496861568 91016
496952584 83
98303 32768
131072 5
131077 3
131080 5
131085 8
131093 13
131106 21
131127 34
131161 55
131216 89
131305 144
131449 233
131912 147
132059 610
132669 987
133656 1597
135253 2584
137837 4181
142018 6765
148783 10946
177147 293
177440 28657
206097 46368
252465 75025
327490 121393
448883 196418
645301 317811
963112 25
963137 138
963275 101
963376 55
963431 49
963480 154
963634 74
963708 45
963753 80
963833 160
963993 55
964048 121
964169 27
964196 116
964312 70
964382 101
964483 145
964628 130
964758 98
964856 100
964956 116
965072 113
965185 130
965315 156
965471 82
965553 53
965606 151
965757 153
965910 137
966047 126
966173 102
966275 81
966356 130
966486 86
966572 58
966630 36
966666 141
966807 32
966839 140
966979 109
967088 112
967200 81
967281 152
967433 59
967492 70
967562 129
967691 77
967768 152
967920 78
967998 39
968037 79
968116 24
968140 42
968182 82
968264 34
968298 138
968436 52
968488 82
968570 58
968628 33
968661 155
968816 149
968965 87
969052 76
969128 157
969285 147
969432 122
969554 112
969666 128
969794 49
969849 31
969880 79
969959 38
969997 44
970041 120
970161 25
970186 94
970299 112
970411 158
970569 51
970620 103
970723 84
970807 140
970947 137
971084 31
971115 35
971150 128
971278 121
971399 41
971440 91
971531 66
971597 136
971733 125
971858 26
971884 61
971945 120
972065 73
972138 100
972238 161
972399 44
972443 102
972545 57
972602 119
972721 74
972795 117
972912 32
972944 83
973027 102
973129 142
973271 157
973428 141
973569 73
973642 87
973729 159
973888 159
974047 69
974116 45
974161 122
974283 134
974417 110
974527 79
974606 144
974750 79
974829 94
974923 133
975056 42
975098 93
975191 38
975229 136
975365 130
975495 95
975590 25
975615 156
975771 32
975803 127
975930 75
976005 125
976130 138
976268 124
976392 56
976448 48
976496 153
976649 66
976715 121
976836 100
976936 69
977005 45
977050 46
977096 153
977249 114
977363 102
977465 112
977577 119
977696 78
977774 141
977915 45
977960 136
978096 36
978132 143
978275 161
978436 126
978562 38
978600 73
978673 97
978770 79
978849 60
978909 136
979045 63
979108 124
979232 44
979276 49
979325 116
979441 38
979479 58
979537 150
979687 116
979803 43
979846 137
979983 143
980126 83
980209 59
980268 152
980420 128
980548 88
980636 144
980780 24
980804 103
980907 135
981042 94
981136 141
981277 86
981363 64
981427 111
981538 32
981570 41
981611 144
981755 73
981828 143
981971 125
982096 51
2018030 982147
3000177 104
3000281 117
3000398 314
3000712 234
3000946 157
3001103 220
3001323 290
3001613 152
3001765 354
3002119 267
3002386 326
3002712 350
3003062 350
3003412 255
3003667 241
3003908 201
3004109 328
3004437 278
3004715 234
3004949 355
3005304 109
3005413 364
3005777 180
3005957 352
3006309 124
3006433 102
3006535 114
3006649 301
3006950 344
3007294 369
3007663 351
3008014 269
3008283 361
3008644 89
3008733 349
3009082 91
3009173 227
3009400 142
3009542 223
3009765 219
3009984 319
3010303 222
3010525 350
3010875 206
3011081 155
3011236 282
3011518 285
3011803 132
3011935 136
3012071 376
3012447 128
3012575 243
3012818 207
3013025 338
3013363 120
3013483 291
3013774 234
3014008 286
3014294 254
3014548 328
3014876 251
3015127 353
3015480 176
3015656 311
3015967 269
3016236 285
3016521 289
3016810 306
3017116 138
3017254 368
3017622 369
3017991 140
3018131 293
3018424 276
3018700 231
3018931 256
3019187 95
3019282 149
3019431 153
3019584 159
3019743 304
3020047 126
3020173 244
3020417 185
3020602 214
3020816 237
3021053 339
3021392 364
3021756 97
3021853 284
3022137 335
3022472 207
3022679 278
3022957 213
3023170 267
3023437 160
3023597 172
3023769 201
3023970 275
3024245 194
3024439 286
3024725 156
3024881 145
3025026 288
3025314 226
3025540 211
3025751 341
3026092 294
3026386 149
3026535 204
3026739 359
3027098 192
3027290 284
3027574 132
3027706 153
3027859 341
3028200 290
3028490 345
3028835 133
3028968 194
3029162 251
3029413 364
3029777 304
3030081 143
3030224 340
3030564 92
3030656 114
3030770 349
3031119 187
3031306 317
3031623 129
3031752 313
3032065 271
3032336 200
3032536 126
3032662 367
3033029 255
3033284 269
3033553 271
3033824 103
3033927 304
3034231 242
3034473 173
3034646 302
3034948 96
3035044 288
3035332 228
3035560 260
3035820 290
3036110 188
3036298 324
3036622 316
3036938 98
3037036 244
3037280 264
3037544 241
3037785 237
3038022 256
3038278 148
3038426 218
3038644 342
3038986 148
3039134 343
3039477 266
3039743 146
3039889 127
3040016 298
3040314 275
3040589 231
3040820 91
3040911 158
3041069 308
3041377 270
3041647 104
3041751 170
3041921 274
3042195 108
3042303 347
3042650 164
3042814 94
3042908 313
3043221 306
3043527 212
3043739 286
3044025 177
3044202 266
3044468 173
3044641 132
3044773 194
3044967 275
3045242 194
3045436 272
3045708 147
3045855 298
3046153 109
3046262 279
3046541 302
3046843 367
3047210 124
496952667 3047334
500000001 8
500000009 27
500000036 64
500000100 125
500000225 216
500000441 343
500000784 512
500001296 729
500002025 1000
500003025 1331
500004356 1728
500006084 2197
500008281 2744
500011025 3375
500014400 4096
500018496 4913
500023409 5832
500029241 6859
500036100 8000
500044100 9261
500053361 10648
500064009 12167
500076176 13824
500090000 15625
500105625 17576
500123201 19683
500142884 21952
500164836 24389
500189225 27000
500216225 29791
500246016 32768
500278784 35937
500314721 39304
500354025 42875
500396900 46656
500443556 50653
500494209 54872
500549081 59319
500608400 64000
500672400 68921
500741321 74088
500815409 79507
500894916 85184
500980100 91125
501071225 97336
501168561 103823
501272384 110592
501382976 117649
501500625 125000
501625625 132651
501758276 140608
501898884 148877
502047761 157464
502205225 166375
502371600 175616
502547216 185193
502732409 195112
502927521 205379
503132900 216000
503348900 226981
503575881 238328
503814209 250047
504064256 262144
504326400 274625
504601025 287496
504888521 300763
505189284 314432
505503716 328509
505832225 343000
506175225 357911
506533136 373248
506906384 389017
507295401 405224
507700625 421875
508122500 438976
508561476 456533
509018009 474552
509492561 493039
509985600 512000
510497600 531441
511029041 551368
511580409 571787
512152196 592704
512744900 614125
513359025 636056
513995081 658503
514653584 681472
515335056 704969
516040025 729000
516769025 753571
517522596 778688
518301284 804357
519105641 830584
519936225 857375
520793600 884736
521678336 912673
522591009 941192
523532201 970299
524502500 1000000
525502500 1030301
526532801 1061208
527594009 1092727
528686736 1124864
529811600 1157625
530969225 1191016
532160241 1225043
533385284 1259712
534644996 1295029
535940025 1331000
537271025 1367631
538638656 1404928
540043584 1442897
541486481 1481544
542968025 1520875
544488900 1560896
546049796 1601613
547651409 1643032
549294441 1685159
550979600 1728000
552707600 1771561
554479161 1815848
556295009 1860867
558155876 1906624
560062500 1953125
562015625 2000376
564016001 2048383
566064384 2097152
568161536 2146689
570308225 2197000
572505225 2248091
574753316 2299968
577053284 2352637
579405921 2406104
581812025 2460375
584272400 2515456
586787856 2571353
589359209 2628072
591987281 2685619
594672900 2744000
597416900 2803221
600220121 2863288
603083409 2924207
606007616 2985984
608993600 3048625
612042225 3112136
615154361 3176523
618330884 3241792
621572676 3307949
624880625 3375000
628255625 3442951
631698576 3511808
635210384 3581577
638791961 3652264
642444225 3723875
646168100 3796416
649964516 3869893
653834409 3944312
657778721 4019679
661798400 4096000
665894400 4173281
670067681 4251528
674319209 4330747
678649956 4410944
683060900 4492125
687553025 4574296
692127321 4657463
696784784 4741632
701526416 4826809
706353225 4913000
711266225 5000211
716266436 5088448
721354884 5177717
726532601 5268024
731800625 5359375
737160000 5451776
742611776 5545233
748157009 5639752
753796761 5735339
759532100 5832000
765364100 5929741
771293841 6028568
777322409 6128487
783450896 6229504
789680400 6331625
796012025 6434856
802446881 6539203
808986084 6644672
815630756 6751269
822382025 6859000
829241025 6967871
836208896 7077888
843286784 7189057
850475841 7301384
857777225 7414875
865192100 7529536
872721636 7645373
880367009 7762392
888129401 7880599
896010000 8000000
904010000 8120601
912130601 8242408
920373009 8365427
928738436 8489664
937228100 8615125
945843225 8741816
954585041 8869743
963454784 8998912
972453696 9129329
981583025 9261000
990844025 9155974
