1855
1 1
2 1
3 1
4 1
5 1
6 1
7 1
8 1
9 1
10 1
11 1
12 1
13 1
14 1
15 1
16 1
17 1
18 1
19 1
20 1
21 1
22 1
23 1
24 1
25 1
26 1
27 1
28 1
29 1
30 1
31 1
32 1
33 1
34 1
35 1
36 1
37 1
38 1
39 1
40 1
41 1
42 1
43 1
44 1
45 1
46 1
47 1
48 1
49 1
50 1
51 1
52 1
53 1
54 1
55 1
56 1
57 1
58 1
59 1
60 1
61 1
62 1
63 1
64 2
66 2
68 1
69 1
70 2
72 1
73 1
74 1
75 1
76 1
77 1
78 1
79 1
80 1
81 1
82 1
83 1
84 1
85 1
86 1
87 1
88 1
89 1
90 1
91 1
92 1
93 1
94 1
95 1
96 1
97 1
98 1
99 1
100 1
101 1
102 1
103 1
104 1
105 1
106 2
108 1
109 1
110 1
111 1
112 1
113 1
114 1
115 1
116 1
117 1
118 1
119 1
120 1
121 1
122 1
123 1
124 1
125 1
126 1
127 1
128 1
129 1
130 1
131 1
132 1
133 1
134 1
135 1
136 1
137 1
138 2
140 1
141 1
142 1
143 1
144 1
145 1
146 1
147 1
148 1
149 1
150 2
152 1
153 1
154 1
155 1
156 1
157 1
158 1
159 1
160 1
161 9
170 2
172 1
173 1
174 2
176 1
177 3
180 7
187 1
188 1
189 3
192 2
194 6
200 1
201 2
203 1
204 2
206 1
207 4
211 1
212 1
213 1
214 1
215 1
216 3
219 1
220 2
222 1
223 3
226 1
227 1
228 3
231 1
232 1
233 1
234 3
237 1
238 3
241 1
242 1
243 1
244 1
245 1
246 2
248 3
251 3
254 1
255 1
256 8
264 1
265 1
266 1
267 2
269 1
270 1
271 1
272 3
275 1
276 2
278 6
284 1
285 1
286 2
288 1
289 1
290 1
291 7
298 3
301 1
302 1
303 1
304 2
306 6
312 1
313 1
314 2
316 3
319 5
324 4
328 2
330 1
331 7
338 2
340 1
341 2
343 2
345 2
347 2
349 1
350 3
353 8
361 3
364 3
367 1
368 1
369 7
376 1
377 2
379 12
391 17
408 80
488 1
489 8
497 15
512 12
524 3
527 90
617 14
631 19
650 6
656 69
725 84
809 34
843 16
859 32
891 12
903 80
983 26
1009 4
1013 11
1024 203
1227 61
1288 26
1314 13
1327 353
1680 234
1914 1
1915 12
1927 106
2033 15
2048 408
2456 128
2584 10
2594 1327
3921 54
3975 121
4096 85
4181 3975
8156 36
8192 8192
16384 16384
32768 32768
65536 32768
98304 16384
114688 8192
122880 8156
131036 35
131071 6
131077 3
131080 5
131085 8
131093 13
131106 21
131127 34
131161 55
131216 89
131305 144
131449 233
131682 377
132059 527
132586 83
132669 983
133652 4
133656 1327
134983 270
135253 2584
137837 4181
142018 4181
146199 2584
148783 8192
156975 2594
159569 160
159729 16384
176113 1327
177440 16384
193824 8192
202016 3975
205991 106
206097 32768
238865 8192
247057 4181
251238 1227
252465 65536
318001 8192
326193 1288
327481 9
327490 114688
442178 4181
446359 2456
448815 68
448883 193824
642707 2594
645301 252465
897766 32768
930534 16384
946918 8192
955110 4181
959291 2594
961885 1227
963112 25
963137 138
963275 101
963376 55
963431 49
963480 154
963634 74
963708 45
963753 80
963833 160
963993 55
964048 121
964169 27
964196 116
964312 70
964382 101
964483 145
964628 130
964758 98
964856 100
964956 116
965072 113
965185 130
965315 156
965471 82
965553 53
965606 150
965756 1
965757 153
965910 137
966047 126
966173 102
966275 81
966356 130
966486 86
966572 58
966630 36
966666 141
966807 32
966839 140
966979 109
967088 112
967200 81
967281 152
967433 59
967492 70
967562 129
967691 77
967768 152
967920 78
967998 39
968037 79
968116 24
968140 42
968182 82
968264 34
968298 138
968436 52
968488 82
968570 58
968628 33
968661 155
968816 149
968965 87
969052 76
969128 157
969285 147
969432 122
969554 112
969666 128
969794 49
969843 37
969880 79
969959 38
969997 44
970041 120
970161 25
970186 94
970280 131
970411 158
970569 51
970620 103
970723 84
970807 140
970947 137
971084 31
971115 35
971150 128
971278 121
971399 41
971440 91
971531 66
971597 136
971733 125
971858 26
971884 61
971945 120
972065 73
972138 100
972238 161
972399 44
972443 102
972545 57
972602 119
972721 74
972795 117
972912 32
972944 83
973027 102
973129 142
973271 157
973428 141
973569 73
973642 87
973729 159
973888 159
974047 69
974116 45
974161 122
974283 134
974417 110
974527 79
974606 144
974750 79
974829 94
974923 133
975056 42
975098 93
975191 38
975229 136
975365 130
975495 95
975590 25
975615 156
975771 32
975803 127
975930 75
976005 125
976130 138
976268 124
976392 56
976448 48
976496 153
976649 66
976715 121
976836 100
976936 69
977005 45
977050 46
977096 153
977249 114
977363 102
977465 112
977577 119
977696 78
977774 141
977915 45
977960 136
978096 36
978132 143
978275 161
978436 126
978562 38
978600 73
978673 97
978770 79
978849 60
978909 136
979045 63
979108 124
979232 44
979276 49
979325 116
979441 38
979479 58
979537 150
979687 116
979803 43
979846 137
979983 143
980126 83
980209 59
980268 152
980420 128
980548 88
980636 144
980780 24
980804 103
980907 135
981042 94
981136 141
981277 86
981363 64
981427 111
981538 32
981570 41
981611 144
981755 73
981828 143
981971 125
982096 51
982147 982147
1964294 982147
2946441 32768
2979209 16384
2995593 4181
2999774 391
3000165 12
3000177 104
3000281 117
3000398 314
3000712 234
3000946 157
3001103 220
3001323 290
3001613 152
3001765 353
3002118 1
3002119 267
3002386 324
3002710 2
3002712 350
3003062 350
3003412 255
3003667 241
3003908 201
3004109 328
3004437 278
3004715 234
3004949 353
3005302 2
3005304 109
3005413 364
3005777 180
3005957 350
3006307 2
3006309 124
3006433 102
3006535 114
3006649 301
3006950 343
3007293 1
3007294 369
3007663 350
3008013 1
3008014 269
3008283 361
3008644 89
3008733 349
3009082 91
3009173 227
3009400 142
3009542 223
3009765 219
3009984 319
3010303 222
3010525 350
3010875 206
3011081 155
3011236 278
3011514 4
3011518 285
3011803 132
3011935 136
3012071 376
3012447 128
3012575 243
3012818 207
3013025 338
3013363 120
3013483 291
3013774 234
3014008 286
3014294 254
3014548 328
3014876 251
3015127 353
3015480 176
3015656 306
3015962 5
3015967 269
3016236 285
3016521 289
3016810 306
3017116 138
3017254 368
3017622 369
3017991 140
3018131 291
3018422 2
3018424 276
3018700 231
3018931 256
3019187 95
3019282 149
3019431 153
3019584 159
3019743 304
3020047 126
3020173 244
3020417 180
3020597 5
3020602 214
3020816 237
3021053 338
3021391 1
3021392 364
3021756 97
3021853 284
3022137 331
3022468 4
3022472 207
3022679 278
3022957 213
3023170 267
3023437 160
3023597 172
3023769 201
3023970 275
3024245 194
3024439 286
3024725 156
3024881 145
3025026 288
3025314 226
3025540 211
3025751 341
3026092 291
3026383 3
3026386 149
3026535 204
3026739 353
3027092 6
3027098 192
3027290 284
3027574 132
3027706 153
3027859 341
3028200 290
3028490 345
3028835 133
3028968 194
3029162 251
3029413 364
3029777 304
3030081 143
3030224 340
3030564 92
3030656 114
3030770 349
3031119 187
3031306 316
3031622 1
3031623 129
3031752 313
3032065 271
3032336 200
3032536 126
3032662 367
3033029 255
3033284 269
3033553 271
3033824 103
3033927 304
3034231 242
3034473 173
3034646 302
3034948 96
3035044 288
3035332 228
3035560 256
3035816 4
3035820 290
3036110 188
3036298 324
3036622 316
3036938 98
3037036 244
3037280 264
3037544 241
3037785 237
3038022 256
3038278 148
3038426 216
3038642 2
3038644 341
3038985 1
3038986 148
3039134 343
3039477 266
3039743 146
3039889 127
3040016 298
3040314 275
3040589 231
3040820 91
3040911 158
3041069 306
3041375 2
3041377 270
3041647 104
3041751 170
3041921 272
3042193 2
3042195 108
3042303 347
3042650 161
3042811 3
3042814 94
3042908 313
3043221 306
3043527 212
3043739 286
3044025 177
3044202 266
3044468 173
3044641 132
3044773 194
3044967 275
3045242 194
3045436 272
3045708 147
3045855 298
3046153 109
3046262 278
3046540 1
3046541 302
3046843 367
3047210 124
3047334 3047334
6094668 6094668
12189336 12189336
24378672 24378672
48757344 48757344
97514688 97514688
195029376 195029376
390058752 97514688
487573440 12189336
499762776 206097
499968873 16384
499985257 8192
499993449 4181
499997630 2048
499999678 319
499999997 4
500000001 8
500000009 27
500000036 64
500000100 125
500000225 216
500000441 343
500000784 512
500001296 725
500002021 4
500002025 983
500003008 17
500003025 1327
500004352 4
500004356 1680
500006036 48
500006084 2048
500008132 149
500008281 2594
500010875 150
500011025 2594
500013619 725
500014344 56
500014400 4096
500018496 4181
500022677 725
500023402 7
500023409 4181
500027590 1327
500028917 324
500029241 4181
500033422 2594
500036016 84
500036100 4181
500040281 2594
500042875 1024
500043899 201
500044100 8192
500052292 1024
500053316 45
500053361 8192
500061553 2456
500064009 8192
500072201 3975
500076176 8192
500084368 4181
500088549 1327
500089876 124
500090000 8192
500098192 4181
500102373 2594
500104967 656
500105623 2
500105625 16384
500122009 1024
500123033 161
500123194 7
500123201 16384
500139585 2594
500142179 656
500142835 49
500142884 16384
500159268 4181
500163449 1327
500164776 60
500164836 16384
500181220 4181
500185401 2594
500187995 1227
500189222 3
500189225 16384
500205609 8192
500213801 2048
500215849 376
500216225 16384
500232609 8192
500240801 4181
500244982 1024
500246006 10
500246016 32768
500278784 32768
500311552 2594
500314146 527
500314673 48
500314721 32768
500347489 4181
500351670 2048
500353718 306
500354024 1
500354025 32768
500386793 8192
500394985 1915
500396900 32768
500429668 8192
500437860 4181
500442041 1327
500443368 188
500443556 32768
500476324 16384
500492708 1327
500494035 174
500494209 32768
500526977 16384
500543361 4181
500547542 1327
500548869 212
500549081 32768
500581849 16384
500598233 8192
500606425 1927
500608352 48
500608400 32768
500641168 16384
500657552 8192
500665744 4181
500669925 2456
500672381 19
500672400 65536
500737936 2594
500740530 725
500741255 66
500741321 65536
500806857 8192
500815049 353
500815402 7
500815409 65536
500880945 8192
500889137 4181
500893318 1327
500894645 271
500894916 65536
500960452 16384
500976836 2594
500979430 656
500980086 14
500980100 65536
501045636 16384
501062020 8192
501070212 1013
501071225 65536
501136761 16384
501153145 8192
501161337 4181
501165518 2594
501168112 408
501168520 41
501168561 98304
501266865 4181
501271046 1327
501272373 11
501272384 98304
501370688 8192
501378880 4096
501382976 114688
501497664 2594
501500258 367
501500625 114688
501615313 8192
501623505 2048
501625553 72
501625625 132586
501758211 64
501758275 1
501758276 137837
501896113 2594
501898707 177
501898884 148783
502047667 94
502047761 156975
502204736 489
502205225 159729
502364954 4181
502369135 2456
502371591 9
502371600 159729
502531329 8192
502539521 4181
502543702 2594
502546296 903
502547199 17
502547216 177440
502724656 4181
502728837 2594
502731431 903
502732334 75
502732409 193824
502926233 1288
502927521 202016
503129537 2594
503132131 725
503132856 44
503132900 206097
503338997 8192
503347189 1680
503348869 31
503348900 206097
503554997 16384
503571381 4181
503575562 319
503575881 206097
503781978 16384
503798362 8192
503806554 4181
503810735 2594
503813329 859
503814188 21
503814209 247057
504061266 2594
504063860 391
504064251 5
504064256 252465
504316721 8192
504324913 1327
504326240 160
504326400 252465
504578865 16384
504595249 4181
504599430 1327
504600757 267
504601024 1
504601025 252465
504853490 32768
504886258 2048
504888306 215
504888521 252465
505140986 32768
505173754 8192
505181946 4181
505186127 2594
505188721 527
505189248 36
505189284 252465
505441749 32768
505474517 16384
505490901 8192
505499093 4181
505503274 408
505503682 34
505503716 327490
505831206 1013
505832219 6
505832225 327490
506159715 8192
506167907 4181
506172088 2594
506174682 527
506175209 16
506175225 327490
506502715 16384
506519099 8192
506527291 4181
506531472 1327
506532799 331
506533130 6
506533136 327490
506860626 32768
506893394 8192
506901586 4181
506905767 617
506906384 327490
507233874 32768
507266642 16384
507283026 8192
507291218 4181
507295399 2
507295401 327490
507622891 65536
507688427 8192
507696619 3975
507700594 31
507700625 327490
508028115 65536
508093651 16384
508110035 8192
508118227 4181
508122408 92
508122500 327490
508449990 98304
508548294 8192
508556486 4181
508560667 809
508561476 448883
509010359 4181
509014540 2594
509017134 859
509017993 16
509018009 448883
509466892 16384
509483276 8192
509491468 1024
509492492 69
509492561 448883
509941444 32768
509974212 8192
509982404 2594
509984998 527
509985525 75
509985600 448883
510434483 32768
510467251 16384
510483635 8192
510491827 4181
510496008 1327
510497335 265
510497600 448883
510946483 65536
511012019 16384
511028403 631
511029034 7
511029041 448883
511477924 98304
511576228 4181
511580409 448883
512029292 114688
512143980 8192
512152172 24
512152196 448883
512601079 142018
512743097 1680
512744777 123
512744900 448883
513193783 159729
513353512 4181
513357693 1327
513359020 5
513359025 448883
513807908 177440
513985348 8192
513993540 1327
513994867 214
513995081 645301
514640382 8192
514648574 4181
514652755 809
514653564 20
514653584 645301
515298885 32768
515331653 2594
515334247 809
515335056 645301
515980357 32768
516013125 16384
516029509 8192
516037701 2048
516039749 276
516040025 645301
516685326 65536
516750862 16384
516767246 1680
516768926 99
516769025 645301
517414326 98304
517512630 8192
517520822 1680
517522502 94
517522596 645301
518167897 132669
518300566 656
518301222 62
518301284 645301
518946585 156975
519103560 2048
519105608 33
519105641 645301
519750942 177440
519928382 4181
519932563 2594
519935157 1024
519936181 44
519936225 645301
520581526 206097
520787623 4181
520791804 1680
520793484 116
520793600 645301
521438901 238865
521677766 527
521678293 43
521678336 897766
522576102 8192
522584294 4181
522588475 2456
522590931 78
522591009 930534
523521543 8192
523529735 2456
523532191 10
523532201 970280
524502481 19
524502500 982147
525484647 16384
525501031 1327
525502358 142
525502500 982147
526484647 32768
526517415 8192
526525607 4181
526529788 2594
526532382 408
526532790 11
526532801 982147
527514948 65536
527580484 8192
527588676 4181
527592857 1024
527593881 128
527594009 982147
528576156 98304
528674460 8192
528682652 3975
528686627 109
528686736 982147
529668883 142018
529810901 656
529811557 43
529811600 982147
530793747 159729
530953476 8192
530961668 4181
530965849 2594
530968443 725
530969168 57
530969225 982147
531951372 206097
532157469 2594
532160063 177
532160240 1
532160241 982147
533142388 238865
533381253 3975
533385228 56
533385284 982147
534367431 252465
534619896 16384
534636280 8192
534644472 524
534644996 982147
535627143 252465
535879608 32768
535912376 16384
535928760 8192
535936952 2594
535939546 408
535939954 70
535940024 1
535940025 982147
536922172 327490
537249662 16384
537266046 4181
537270227 725
537270952 73
537271025 982147
538253172 327490
538580662 32768
538613430 16384
538629814 8192
538638006 650
538638656 982147
539620803 327490
539948293 65536
540013829 16384
540030213 8192
540038405 4181
540042586 983
540043569 15
540043584 982147
541025731 448883
541474614 8192
541482806 2594
541485400 1024
541486424 57
541486481 982147
542468628 448883
542917511 32768
542950279 16384
542966663 1327
542967990 35
542968025 982147
543950172 448883
544399055 65536
544464591 16384
544480975 4181
544485156 2594
544487750 1024
544488774 126
544488900 982147
545471047 448883
545919930 114688
546034618 8192
546042810 4181
546046991 2594
546049585 211
546049796 982147
547031943 448883
547480826 159729
547640555 8192
547648747 2594
547651341 68
547651409 982147
548633556 645301
549278857 8192
549287049 4181
549291230 2594
549293824 617
549294441 982147
550276588 645301
550921889 32768
550954657 16384
550971041 8192
550979233 367
550979600 982147
551961747 645301
552607048 98304
552705352 2048
552707400 200
552707600 982147
553689747 645301
554335048 142018
554477066 2048
554479114 47
554479161 982147
555461308 645301
556106609 177440
556284049 8192
556292241 2594
556294835 174
556295009 982147
557277156 645301
557922457 206097
558128554 16384
558144938 8192
558153130 2594
558155724 152
558155876 982147
559138023 897766
560035789 16384
560052173 8192
560060365 2048
560062413 87
560062500 982147
561044647 970947
562015594 31
562015625 1964294
563979919 32768
564012687 2594
564015281 656
564015937 64
564016001 1964294
565980295 65536
566045831 16384
566062215 2048
566064263 121
566064384 1964294
568028678 132669
568161347 189
568161536 1964294
570125830 177440
570303270 4181
570307451 725
570308176 49
570308225 1964294
572272519 206097
572478616 16384
572495000 8192
572503192 2033
572505225 1964294
574469519 252465
574721984 16384
574738368 8192
574746560 4181
574750741 2456
574753197 119
574753316 1964294
576717610 327490
577045100 8156
577053256 28
577053284 1964294
579017578 327490
579345068 32768
579377836 16384
579394220 8192
579402412 2594
579405006 903
579405909 12
579405921 1964294
581370215 327490
581697705 98304
581796009 8192
581804201 4181
581808382 2594
581810976 1024
581812000 25
581812025 1964294
583776319 448883
584225202 32768
584257970 8192
584266162 4181
584270343 2048
584272391 9
584272400 1964294
586236694 448883
586685577 98304
586783881 3975
586787856 1964294
588752150 448883
589201033 156975
589358008 1024
589359032 177
589359209 1964294
591323503 645301
591968804 16384
591985188 2048
591987236 45
591987281 1964294
593951575 645301
594596876 65536
594662412 8192
594670604 2048
594672652 248
594672900 1964294
596637194 645301
597282495 133656
597416151 725
597416876 24
597416900 1964294
599381194 645301
600026495 177440
600203935 8192
600212127 4181
600216308 2594
600218902 1024
600219926 194
600220120 1
600220121 1964294
602184415 897766
603082181 1227
603083408 1
603083409 1964294
605047703 955110
606002813 4181
606006994 617
606007611 5
606007616 2979209
608986825 4181
608991006 2594
608993600 3047334
612040934 1288
612042222 3
612042225 3047334
615089559 32768
615122327 16384
615138711 8192
615146903 4181
615151084 2594
615153678 656
615154334 27
615154361 3047334
618201695 114688
618316383 8192
618324575 4181
618328756 2048
618330804 80
618330884 3047334
621378218 193824
621572042 631
621572673 3
621572676 3047334
624620010 252465
624872475 4181
624876656 3921
624880577 48
624880625 3047334
627927959 327490
628255449 176
628255625 3047334
631302959 327490
631630449 65536
631695985 2584
631698569 7
631698576 3047334
634745910 448883
635194793 8192
635202985 4181
635207166 2594
635209760 617
635210377 7
635210384 3047334
638257718 448883
638706601 65536
638772137 16384
638788521 2594
638791115 843
638791958 3
638791961 3047334
641839295 448883
642288178 148783
642436961 4181
642441142 2594
642443736 489
642444225 3047334
645491559 645301
646136860 16384
646153244 8192
646161436 4181
646165617 2456
646168073 27
646168100 3047334
649215434 645301
649860735 98304
649959039 4181
649963220 1288
649964508 8
649964516 3047334
653011850 645301
653657151 176113
653833264 1024
653834288 121
653834409 3047334
656881743 645301
657527044 247057
657774101 4181
657778282 408
657778690 31
657778721 3047334
660826055 972238
661798293 106
661798399 1
661798400 3047334
664845734 982147
665827881 65536
665893417 983
665894400 3047334
668941734 982147
669923881 142018
670065899 1680
670067579 102
670067681 3047334
673115015 982147
674097162 206097
674303259 8192
674311451 4181
674315632 2594
674318226 983
674319209 3047334
677366543 982147
678348690 252465
678601155 32768
678633923 8192
678642115 4181
678646296 2594
678648890 1024
678649914 42
678649956 3047334
681697290 982147
682679437 327490
683006927 32768
683039695 16384
683056079 4181
683060260 631
683060891 9
683060900 3047334
686108234 982147
687090381 448883
687539264 8192
687547456 4181
687551637 1327
687552964 61
687553025 3047334
690600359 982147
691582506 448883
692031389 65536
692096925 16384
692113309 8192
692121501 4181
692125682 1327
692127009 312
692127321 3047334
695174655 982147
696156802 448883
696605685 177440
696783125 1327
696784452 331
696784783 1
696784784 3047334
699832118 982147
700814265 645301
701459566 65536
701525102 1314
701526416 3047334
704573750 982147
705555897 645301
706201198 148783
706349981 2594
706352575 650
706353225 3047334
709400559 982147
710382706 645301
711028007 206097
711234104 16384
711250488 8192
711258680 4181
711262861 2594
711265455 725
711266180 45
711266225 3047334
714313559 982147
715295706 970723
716266429 7
716266436 3047334
719313770 1964294
721278064 65536
721343600 8192
721351792 2594
721354386 497
721354883 1
721354884 3047334
724402218 1964294
726366512 159729
726526241 4181
726530422 2048
726532470 131
726532601 3047334
729579935 1964294
731544229 252465
731796694 3921
731800615 10
731800625 3047334
734847959 1964294
736812253 327490
737139743 16384
737156127 2594
737158721 1227
737159948 52
737160000 3047334
740207334 1964294
742171628 327490
742499118 98304
742597422 8192
742605614 4181
742609795 1927
742611722 54
742611776 3047334
745659110 1964294
747623404 448883
748072287 65536
748137823 16384
748154207 2594
748156801 207
748157008 1
748157009 3047334
751204343 1964294
753168637 448883
753617520 177440
753794960 1680
753796640 121
753796761 3047334
756844095 1964294
758808389 645301
759453690 65536
759519226 8192
759527418 4181
759531599 497
759532096 4
759532100 3047334
762579434 1964294
764543728 645301
765189029 159729
765348758 8192
765356950 4181
765361131 2594
765363725 369
765364094 6
765364100 3047334
768411434 1964294
770375728 897766
771273494 16384
771289878 3921
771293799 42
771293841 3047334
774341175 2979209
777320384 1927
777322311 98
777322409 6094668
783417077 32768
783449845 1024
783450869 27
783450896 6094668
789545564 133656
789679220 1024
789680244 156
789680400 6094668
795775068 206097
795981165 16384
795997549 8192
796005741 4181
796009922 2048
796011970 55
796012025 6094668
802106693 327490
802434183 8192
802442375 4181
802446556 324
802446880 1
802446881 6094668
808541549 442178
808983727 2048
808985775 306
808986081 3
808986084 6094668
815080752 448883
815529635 98304
815627939 2594
815630533 223
815630756 6094668
821725424 645301
822370725 8192
822378917 2594
822381511 512
822382023 2
822382025 6094668
828476693 645301
829121994 114688
829236682 4181
829240863 161
829241024 1
829241025 6094668
835335693 645301
835980994 206097
836187091 16384
836203475 4181
836207656 1227
836208883 13
836208896 6094668
842303564 982147
843285711 1024
843286735 49
843286784 6094668
849381452 982147
850363599 98304
850461903 8192
850470095 4181
850474276 1327
850475603 238
850475841 6094668
856570509 982147
857552656 206097
857758753 16384
857775137 2048
857777185 40
857777225 6094668
863871893 982147
864854040 327490
865181530 8192
865189722 2048
865191770 330
865192100 6094668
871286768 982147
872268915 448883
872717798 2594
872720392 1227
872721619 17
872721636 6094668
878816304 982147
879798451 448883
880247334 114688
880362022 4181
880366203 725
880366928 81
880367009 6094668
886461677 982147
887443824 645301
888089125 32768
888121893 4181
888126074 2594
888128668 725
888129393 8
888129401 6094668
894224069 982147
895206216 645301
895851517 156975
896008492 1327
896009819 180
896009999 1
896010000 6094668
902104668 982147
903086815 897766
903984581 16384
904000965 8192
904009157 843
904010000 6094668
910104668 1964294
912068962 32768
912101730 16384
912118114 8192
912126306 4181
912130487 114
912130601 6094668
918225269 1964294
920189563 177440
920367003 4181
920371184 1680
920372864 145
920373009 6094668
926467677 1964294
928431971 252465
928684436 32768
928717204 16384
928733588 4181
928737769 656
928738425 11
928738436 6094668
934833104 1964294
936797398 327490
937124888 98304
937223192 4181
937227373 725
937228098 2
937228100 6094668
943322768 1964294
945287062 448883
945735945 98304
945834249 8192
945842441 725
945843166 59
945843225 6094668
951937893 1964294
953902187 645301
954547488 32768
954580256 4181
954584437 527
954584964 77
954585041 6094668
960679709 1964294
962644003 645301
963289304 159729
963449033 4181
963453214 1327
963454541 243
963454784 6094668
969549452 1964294
971513746 930534
972444280 8192
972452472 1024
972453496 200
972453696 6094668
978548364 3034646
981583010 15
981583025 6094668
987677693 3047334
990725027 114688
990839715 4181
990843896 129
990844025 6094668
996938693 3047334
999986027 8192
999994219 4181
999998400 1327
999999727 272
