3610
1 1
2 2
4 4
8 8
16 16
32 32
64 64
128 128
256 256
512 512
1024 1024
2048 2048
4096 4096
8192 8192
16384 16384
32768 32768
32768 65536
16384 98304
8192 114688
4096 122880
2048 126976
1024 129024
512 130048
256 130560
128 130816
64 130944
32 131008
16 131040
8 131056
4 131064
2 131068
1 131070
4 131071
2 131075
2 131077
1 131079
4 131080
1 131084
8 131085
8 131093
4 131101
1 131105
16 131106
4 131122
1 131126
32 131127
2 131159
32 131161
16 131193
4 131209
2 131213
1 131215
64 131216
16 131280
8 131296
1 131304
128 131305
16 131433
128 131449
64 131577
32 131641
8 131673
1 131681
256 131682
64 131938
32 132002
16 132034
8 132050
1 132058
512 132059
64 132571
32 132635
2 132667
512 132669
256 133181
128 133437
64 133565
16 133629
8 133645
2 133653
1 133655
1024 133656
512 134680
32 135192
16 135224
8 135240
4 135248
1 135252
2048 135253
512 137301
16 137813
8 137829
4096 137837
64 141933
16 141997
4 142013
1 142017
4096 142018
2048 146114
512 148162
64 148674
32 148738
8 148770
4 148778
1 148782
8192 148783
2048 156975
512 159023
128 159535
64 159663
2 159727
16384 159729
1024 176113
256 177137
32 177393
8 177425
4 177433
2 177437
1 177439
16384 177440
8192 193824
2048 202016
1024 204064
512 205088
256 205600
128 205856
64 205984
32 206048
16 206080
1 206096
32768 206097
8192 238865
4096 247057
1024 251153
256 252177
32 252433
65536 252465
8192 318001
1024 326193
256 327217
16 327473
1 327489
114688 327490
4096 442178
2048 446274
512 448322
32 448834
16 448866
1 448882
193824 448883
2048 642707
512 644755
32 645267
2 645299
252465 645301
32768 897766
16384 930534
8192 946918
4096 955110
2048 959206
1024 961254
512 962278
256 962790
64 963046
2 963110
16 963112
8 963128
1 963136
128 963137
8 963265
2 963273
64 963275
32 963339
4 963371
1 963375
32 963376
16 963408
4 963424
2 963428
1 963430
32 963431
16 963463
1 963479
128 963480
16 963608
8 963624
2 963632
64 963634
8 963698
2 963706
32 963708
8 963740
4 963748
1 963752
64 963753
16 963817
128 963833
32 963961
32 963993
16 964025
4 964041
2 964045
1 964047
64 964048
32 964112
16 964144
8 964160
1 964168
16 964169
8 964185
2 964193
1 964195
64 964196
32 964260
16 964292
4 964308
64 964312
4 964376
2 964380
64 964382
32 964446
4 964478
1 964482
128 964483
16 964611
1 964627
128 964628
2 964756
64 964758
32 964822
2 964854
64 964856
32 964920
4 964952
64 964956
32 965020
16 965052
4 965068
64 965072
32 965136
16 965168
1 965184
128 965185
2 965313
128 965315
16 965443
8 965459
4 965467
64 965471
16 965535
2 965551
32 965553
16 965585
4 965601
1 965605
128 965606
16 965734
4 965750
2 965754
1 965756
128 965757
16 965885
8 965901
1 965909
128 965910
8 966038
1 966046
64 966047
32 966111
16 966143
8 966159
4 966167
2 966171
64 966173
32 966237
4 966269
2 966273
64 966275
16 966339
1 966355
128 966356
2 966484
64 966486
16 966550
4 966566
2 966570
32 966572
16 966604
8 966620
2 966628
32 966630
4 966662
128 966666
8 966794
4 966802
1 966806
32 966807
128 966839
8 966967
4 966975
64 966979
32 967043
8 967075
4 967083
1 967087
64 967088
32 967152
16 967184
64 967200
16 967264
1 967280
128 967281
16 967409
8 967425
32 967433
16 967465
8 967481
2 967489
1 967491
64 967492
4 967556
2 967560
128 967562
1 967690
64 967691
8 967755
4 967763
1 967767
128 967768
16 967896
8 967912
64 967920
8 967984
4 967992
2 967996
32 967998
4 968030
2 968034
1 968036
64 968037
8 968101
4 968109
2 968113
1 968115
16 968116
8 968132
32 968140
8 968172
2 968180
64 968182
16 968246
2 968262
32 968264
2 968296
128 968298
8 968426
2 968434
32 968436
16 968468
4 968484
64 968488
16 968552
2 968568
32 968570
16 968602
8 968618
2 968626
32 968628
1 968660
128 968661
16 968789
8 968805
2 968813
1 968815
128 968816
16 968944
4 968960
1 968964
64 968965
16 969029
4 969045
2 969049
1 969051
64 969052
8 969116
4 969124
128 969128
16 969256
8 969272
4 969280
1 969284
128 969285
16 969413
2 969429
1 969431
64 969432
32 969496
16 969528
8 969544
2 969552
64 969554
32 969618
16 969650
128 969666
32 969794
16 969826
1 969842
32 969843
4 969875
1 969879
64 969880
8 969944
4 969952
2 969956
1 969958
32 969959
4 969991
2 969995
32 969997
8 970029
4 970037
64 970041
32 970105
16 970137
8 970153
16 970161
8 970177
1 970185
64 970186
16 970250
8 970266
4 970274
2 970278
128 970280
2 970408
1 970410
128 970411
16 970539
8 970555
4 970563
2 970567
32 970569
16 970601
2 970617
1 970619
64 970620
32 970684
4 970716
2 970720
1 970722
64 970723
16 970787
4 970803
128 970807
8 970935
4 970943
128 970947
8 971075
1 971083
16 971084
8 971100
4 971108
2 971112
1 971114
32 971115
2 971147
1 971149
128 971150
64 971278
32 971342
16 971374
8 971390
1 971398
32 971399
8 971431
1 971439
64 971440
16 971504
8 971520
2 971528
1 971530
64 971531
2 971595
128 971597
8 971725
64 971733
32 971797
16 971829
8 971845
4 971853
1 971857
16 971858
8 971874
2 971882
32 971884
16 971916
8 971932
4 971940
1 971944
64 971945
32 972009
16 972041
8 972057
64 972065
8 972129
1 972137
64 972138
32 972202
4 972234
128 972238
32 972366
1 972398
32 972399
8 972431
4 972439
64 972443
32 972507
4 972539
2 972543
32 972545
16 972577
8 972593
1 972601
64 972602
32 972666
16 972698
4 972714
2 972718
1 972720
64 972721
8 972785
2 972793
64 972795
32 972859
16 972891
4 972907
1 972911
32 972912
64 972944
16 973008
2 973024
1 973026
64 973027
32 973091
4 973123
2 973127
128 973129
8 973257
4 973265
2 973269
128 973271
16 973399
8 973415
4 973423
1 973427
128 973428
8 973556
4 973564
1 973568
64 973569
8 973633
1 973641
64 973642
16 973706
4 973722
2 973726
1 973728
128 973729
16 973857
8 973873
4 973881
2 973885
1 973887
128 973888
16 974016
8 974032
4 974040
2 974044
1 974046
64 974047
4 974111
1 974115
32 974116
8 974148
4 974156
1 974160
64 974161
32 974225
16 974257
8 974273
2 974281
128 974283
4 974411
2 974415
64 974417
32 974481
8 974513
4 974521
2 974525
64 974527
8 974591
4 974599
2 974603
1 974605
128 974606
16 974734
64 974750
8 974814
4 974822
2 974826
1 974828
64 974829
16 974893
8 974909
4 974917
2 974921
128 974923
4 975051
1 975055
32 975056
8 975088
2 975096
64 975098
16 975162
8 975178
4 975186
1 975190
32 975191
4 975223
2 975227
128 975229
8 975357
128 975365
2 975493
64 975495
16 975559
8 975575
4 975583
2 975587
1 975589
16 975590
8 975606
1 975614
128 975615
16 975743
8 975759
4 975767
32 975771
64 975803
32 975867
16 975899
8 975915
4 975923
2 975927
1 975929
64 975930
8 975994
2 976002
1 976004
64 976005
32 976069
16 976101
8 976117
4 976125
1 976129
128 976130
8 976258
2 976266
64 976268
32 976332
16 976364
8 976380
4 976388
32 976392
16 976424
8 976440
32 976448
16 976480
128 976496
16 976624
8 976640
1 976648
64 976649
2 976713
64 976715
32 976779
16 976811
8 976827
1 976835
64 976836
32 976900
4 976932
64 976936
4 977000
1 977004
32 977005
8 977037
4 977045
1 977049
32 977050
8 977082
4 977090
2 977094
128 977096
16 977224
8 977240
1 977248
64 977249
32 977313
16 977345
2 977361
64 977363
32 977427
4 977459
2 977463
64 977465
32 977529
16 977561
64 977577
32 977641
16 977673
4 977689
2 977693
1 977695
64 977696
8 977760
4 977768
2 977772
128 977774
8 977902
4 977910
1 977914
32 977915
8 977947
4 977955
1 977959
128 977960
8 978088
32 978096
4 978128
128 978132
8 978260
4 978268
2 978272
1 978274
128 978275
32 978403
1 978435
64 978436
32 978500
16 978532
8 978548
4 978556
2 978560
32 978562
4 978594
2 978598
64 978600
8 978664
1 978672
64 978673
32 978737
1 978769
64 978770
8 978834
4 978842
2 978846
1 978848
32 978849
16 978881
8 978897
4 978905
128 978909
8 979037
32 979045
16 979077
8 979093
4 979101
2 979105
1 979107
64 979108
32 979172
16 979204
8 979220
4 979228
32 979232
8 979264
4 979272
32 979276
16 979308
1 979324
64 979325
32 979389
16 979421
4 979437
32 979441
4 979473
2 979477
32 979479
16 979511
8 979527
2 979535
128 979537
16 979665
4 979681
2 979685
64 979687
32 979751
16 979783
4 979799
32 979803
8 979835
2 979843
1 979845
128 979846
8 979974
1 979982
128 979983
8 980111
4 980119
2 980123
1 980125
64 980126
16 980190
2 980206
1 980208
32 980209
16 980241
8 980257
2 980265
1 980267
128 980268
16 980396
8 980412
128 980420
64 980548
16 980612
8 980628
128 980636
16 980764
16 980780
8 980796
64 980804
32 980868
4 980900
2 980904
1 980906
128 980907
4 981035
2 981039
1 981041
64 981042
16 981106
8 981122
4 981130
2 981134
128 981136
8 981264
4 981272
1 981276
64 981277
16 981341
4 981357
2 981361
64 981363
64 981427
32 981491
8 981523
4 981531
2 981535
1 981537
32 981538
32 981570
8 981602
1 981610
128 981611
16 981739
64 981755
8 981819
1 981827
128 981828
8 981956
4 981964
2 981968
1 981970
64 981971
32 982035
16 982067
8 982083
4 982091
1 982095
32 982096
16 982128
2 982144
1 982146
982147 982147
982147 1964294
32768 2946441
16384 2979209
4096 2995593
256 2999689
128 2999945
64 3000073
32 3000137
8 3000169
64 3000177
32 3000241
8 3000273
64 3000281
32 3000345
16 3000377
4 3000393
1 3000397
256 3000398
32 3000654
16 3000686
8 3000702
2 3000710
128 3000712
64 3000840
32 3000904
8 3000936
2 3000944
128 3000946
16 3001074
8 3001090
4 3001098
1 3001102
128 3001103
64 3001231
16 3001295
8 3001311
4 3001319
256 3001323
32 3001579
2 3001611
128 3001613
16 3001741
8 3001757
256 3001765
64 3002021
32 3002085
2 3002117
256 3002119
8 3002375
2 3002383
1 3002385
256 3002386
64 3002642
4 3002706
2 3002710
256 3002712
64 3002968
16 3003032
8 3003048
4 3003056
2 3003060
256 3003062
64 3003318
16 3003382
8 3003398
4 3003406
2 3003410
128 3003412
64 3003540
32 3003604
16 3003636
8 3003652
4 3003660
2 3003664
1 3003666
128 3003667
64 3003795
32 3003859
16 3003891
1 3003907
128 3003908
64 3004036
8 3004100
1 3004108
256 3004109
64 3004365
8 3004429
256 3004437
16 3004693
4 3004709
2 3004713
128 3004715
64 3004843
32 3004907
8 3004939
2 3004947
256 3004949
64 3005205
32 3005269
2 3005301
1 3005303
64 3005304
32 3005368
8 3005400
4 3005408
1 3005412
256 3005413
64 3005669
32 3005733
8 3005765
4 3005773
128 3005777
32 3005905
16 3005937
4 3005953
256 3005957
64 3006213
32 3006277
64 3006309
32 3006373
16 3006405
8 3006421
4 3006429
64 3006433
32 3006497
4 3006529
2 3006533
64 3006535
32 3006599
16 3006631
2 3006647
256 3006649
32 3006905
8 3006937
4 3006945
1 3006949
256 3006950
64 3007206
16 3007270
8 3007286
256 3007294
64 3007550
32 3007614
16 3007646
1 3007662
256 3007663
64 3007919
16 3007983
8 3007999
4 3008007
2 3008011
1 3008013
256 3008014
8 3008270
4 3008278
1 3008282
256 3008283
64 3008539
32 3008603
8 3008635
1 3008643
64 3008644
16 3008708
8 3008724
1 3008732
256 3008733
64 3008989
16 3009053
8 3009069
4 3009077
1 3009081
64 3009082
16 3009146
8 3009162
2 3009170
1 3009172
128 3009173
64 3009301
32 3009365
2 3009397
1 3009399
128 3009400
8 3009528
4 3009536
2 3009540
128 3009542
64 3009670
16 3009734
8 3009750
4 3009758
2 3009762
1 3009764
128 3009765
64 3009893
16 3009957
8 3009973
2 3009981
1 3009983
256 3009984
32 3010240
16 3010272
8 3010288
4 3010296
2 3010300
1 3010302
128 3010303
64 3010431
16 3010495
8 3010511
4 3010519
2 3010523
256 3010525
64 3010781
16 3010845
8 3010861
4 3010869
2 3010873
128 3010875
64 3011003
8 3011067
4 3011075
2 3011079
128 3011081
16 3011209
8 3011225
2 3011233
1 3011235
256 3011236
16 3011492
8 3011508
2 3011516
256 3011518
16 3011774
8 3011790
4 3011798
1 3011802
128 3011803
4 3011931
128 3011935
8 3012063
256 3012071
64 3012327
32 3012391
16 3012423
8 3012439
128 3012447
128 3012575
64 3012703
32 3012767
16 3012799
2 3012815
1 3012817
128 3012818
64 3012946
8 3013010
4 3013018
2 3013022
1 3013024
256 3013025
64 3013281
16 3013345
2 3013361
64 3013363
32 3013427
16 3013459
8 3013475
256 3013483
32 3013739
2 3013771
1 3013773
128 3013774
64 3013902
32 3013966
8 3013998
2 3014006
256 3014008
16 3014264
8 3014280
4 3014288
2 3014292
128 3014294
64 3014422
32 3014486
16 3014518
8 3014534
4 3014542
2 3014546
256 3014548
64 3014804
8 3014868
128 3014876
64 3015004
32 3015068
16 3015100
8 3015116
2 3015124
1 3015126
256 3015127
64 3015383
32 3015447
1 3015479
128 3015480
32 3015608
16 3015640
256 3015656
32 3015912
16 3015944
4 3015960
2 3015964
1 3015966
256 3015967
8 3016223
4 3016231
1 3016235
256 3016236
16 3016492
8 3016508
4 3016516
1 3016520
256 3016521
32 3016777
1 3016809
256 3016810
32 3017066
16 3017098
2 3017114
128 3017116
8 3017244
2 3017252
256 3017254
64 3017510
32 3017574
16 3017606
256 3017622
64 3017878
32 3017942
16 3017974
1 3017990
128 3017991
8 3018119
4 3018127
256 3018131
32 3018387
4 3018419
1 3018423
256 3018424
16 3018680
4 3018696
128 3018700
64 3018828
32 3018892
4 3018924
2 3018928
1 3018930
256 3018931
64 3019187
16 3019251
8 3019267
4 3019275
2 3019279
1 3019281
128 3019282
16 3019410
4 3019426
1 3019430
128 3019431
16 3019559
8 3019575
1 3019583
128 3019584
16 3019712
8 3019728
4 3019736
2 3019740
1 3019742
256 3019743
32 3019999
16 3020031
64 3020047
32 3020111
16 3020143
8 3020159
4 3020167
2 3020171
128 3020173
64 3020301
32 3020365
16 3020397
4 3020413
128 3020417
32 3020545
16 3020577
8 3020593
1 3020601
128 3020602
64 3020730
16 3020794
4 3020810
2 3020814
128 3020816
64 3020944
32 3021008
8 3021040
4 3021048
1 3021052
256 3021053
64 3021309
16 3021373
2 3021389
1 3021391
256 3021392
64 3021648
32 3021712
8 3021744
4 3021752
64 3021756
32 3021820
1 3021852
256 3021853
16 3022109
8 3022125
4 3022133
256 3022137
64 3022393
8 3022457
4 3022465
2 3022469
1 3022471
128 3022472
64 3022600
8 3022664
4 3022672
2 3022676
1 3022678
256 3022679
16 3022935
4 3022951
2 3022955
128 3022957
64 3023085
16 3023149
4 3023165
1 3023169
256 3023170
8 3023426
2 3023434
1 3023436
128 3023437
32 3023565
128 3023597
32 3023725
8 3023757
4 3023765
128 3023769
64 3023897
8 3023961
1 3023969
256 3023970
16 3024226
2 3024242
1 3024244
128 3024245
64 3024373
2 3024437
256 3024439
16 3024695
8 3024711
4 3024719
2 3024723
128 3024725
16 3024853
8 3024869
4 3024877
128 3024881
16 3025009
1 3025025
256 3025026
32 3025282
128 3025314
64 3025442
32 3025506
2 3025538
128 3025540
64 3025668
16 3025732
2 3025748
1 3025750
256 3025751
64 3026007
16 3026071
4 3026087
1 3026091
256 3026092
32 3026348
4 3026380
2 3026384
128 3026386
16 3026514
4 3026530
1 3026534
128 3026535
64 3026663
8 3026727
4 3026735
256 3026739
64 3026995
32 3027059
4 3027091
2 3027095
1 3027097
128 3027098
64 3027226
256 3027290
16 3027546
8 3027562
4 3027570
128 3027574
4 3027702
128 3027706
16 3027834
8 3027850
1 3027858
256 3027859
64 3028115
16 3028179
4 3028195
1 3028199
256 3028200
32 3028456
2 3028488
256 3028490
64 3028746
16 3028810
8 3028826
1 3028834
128 3028835
4 3028963
1 3028967
128 3028968
64 3029096
2 3029160
128 3029162
64 3029290
32 3029354
16 3029386
8 3029402
2 3029410
1 3029412
256 3029413
64 3029669
32 3029733
8 3029765
4 3029773
256 3029777
32 3030033
16 3030065
128 3030081
8 3030209
4 3030217
2 3030221
1 3030223
256 3030224
64 3030480
16 3030544
4 3030560
64 3030564
16 3030628
8 3030644
4 3030652
64 3030656
32 3030720
16 3030752
2 3030768
256 3030770
64 3031026
16 3031090
8 3031106
4 3031114
1 3031118
128 3031119
32 3031247
16 3031279
8 3031295
2 3031303
1 3031305
256 3031306
32 3031562
16 3031594
8 3031610
4 3031618
1 3031622
128 3031623
1 3031751
256 3031752
32 3032008
16 3032040
8 3032056
1 3032064
256 3032065
8 3032321
4 3032329
2 3032333
1 3032335
128 3032336
64 3032464
8 3032528
64 3032536
32 3032600
16 3032632
8 3032648
4 3032656
2 3032660
256 3032662
64 3032918
32 3032982
8 3033014
4 3033022
2 3033026
1 3033028
128 3033029
64 3033157
32 3033221
16 3033253
8 3033269
4 3033277
2 3033281
1 3033283
256 3033284
8 3033540
4 3033548
1 3033552
256 3033553
8 3033809
4 3033817
2 3033821
1 3033823
64 3033824
32 3033888
4 3033920
2 3033924
1 3033926
256 3033927
32 3034183
16 3034215
128 3034231
64 3034359
32 3034423
16 3034455
2 3034471
128 3034473
32 3034601
8 3034633
4 3034641
1 3034645
256 3034646
32 3034902
8 3034934
4 3034942
2 3034946
64 3034948
32 3035012
256 3035044
32 3035300
128 3035332
64 3035460
32 3035524
4 3035556
256 3035560
4 3035816
256 3035820
32 3036076
2 3036108
128 3036110
32 3036238
16 3036270
8 3036286
4 3036294
256 3036298
64 3036554
4 3036618
256 3036622
32 3036878
16 3036910
8 3036926
4 3036934
64 3036938
32 3037002
2 3037034
128 3037036
64 3037164
32 3037228
16 3037260
4 3037276
256 3037280
8 3037536
128 3037544
64 3037672
32 3037736
16 3037768
1 3037784
128 3037785
64 3037913
32 3037977
8 3038009
4 3038017
1 3038021
256 3038022
128 3038278
16 3038406
4 3038422
128 3038426
64 3038554
16 3038618
8 3038634
2 3038642
256 3038644
64 3038900
16 3038964
4 3038980
2 3038984
128 3038986
16 3039114
4 3039130
256 3039134
64 3039390
16 3039454
4 3039470
2 3039474
1 3039476
256 3039477
8 3039733
2 3039741
128 3039743
16 3039871
2 3039887
64 3039889
32 3039953
16 3039985
8 3040001
4 3040009
2 3040013
1 3040015
256 3040016
32 3040272
8 3040304
2 3040312
256 3040314
16 3040570
2 3040586
1 3040588
128 3040589
64 3040717
32 3040781
4 3040813
2 3040817
1 3040819
64 3040820
16 3040884
8 3040900
2 3040908
1 3040910
128 3040911
16 3041039
8 3041055
4 3041063
2 3041067
256 3041069
32 3041325
16 3041357
4 3041373
256 3041377
8 3041633
4 3041641
2 3041645
64 3041647
32 3041711
8 3041743
128 3041751
32 3041879
8 3041911
2 3041919
256 3041921
16 3042177
2 3042193
64 3042195
32 3042259
8 3042291
4 3042299
256 3042303
64 3042559
16 3042623
8 3042639
2 3042647
1 3042649
128 3042650
32 3042778
4 3042810
64 3042814
16 3042878
8 3042894
4 3042902
2 3042906
256 3042908
32 3043164
16 3043196
8 3043212
1 3043220
256 3043221
32 3043477
16 3043509
2 3043525
128 3043527
64 3043655
16 3043719
4 3043735
256 3043739
16 3043995
8 3044011
4 3044019
2 3044023
128 3044025
32 3044153
16 3044185
1 3044201
256 3044202
8 3044458
2 3044466
128 3044468
32 3044596
8 3044628
4 3044636
1 3044640
128 3044641
4 3044769
128 3044773
64 3044901
2 3044965
256 3044967
16 3045223
2 3045239
1 3045241
128 3045242
64 3045370
2 3045434
256 3045436
16 3045692
128 3045708
16 3045836
2 3045852
1 3045854
256 3045855
32 3046111
8 3046143
2 3046151
64 3046153
32 3046217
8 3046249
4 3046257
1 3046261
256 3046262
16 3046518
4 3046534
2 3046538
1 3046540
256 3046541
32 3046797
8 3046829
4 3046837
2 3046841
256 3046843
64 3047099
32 3047163
8 3047195
4 3047203
2 3047207
1 3047209
64 3047210
32 3047274
16 3047306
8 3047322
4 3047330
3047334 3047334
6094668 6094668
12189336 12189336
24378672 24378672
48757344 48757344
97514688 97514688
195029376 195029376
97514688 390058752
12189336 487573440
206097 499762776
16384 499968873
8192 499985257
4096 499993449
2048 499997545
256 499999593
128 499999849
16 499999977
8 499999993
8 500000001
16 500000009
8 500000025
2 500000033
1 500000035
64 500000036
64 500000100
32 500000164
16 500000196
8 500000212
4 500000220
1 500000224
128 500000225
64 500000353
16 500000417
8 500000433
256 500000441
64 500000697
16 500000761
4 500000777
2 500000781
1 500000783
512 500000784
512 500001296
128 500001808
64 500001936
16 500002000
8 500002016
1 500002024
512 500002025
256 500002537
128 500002793
64 500002921
32 500002985
8 500003017
1024 500003025
256 500004049
32 500004305
16 500004337
2 500004353
1 500004355
1024 500004356
512 500005380
128 500005892
64 500006020
2048 500006084
128 500008132
16 500008260
4 500008276
1 500008280
2048 500008281
512 500010329
128 500010841
32 500010969
16 500011001
8 500011017
2048 500011025
1024 500013073
256 500014097
32 500014353
8 500014385
4 500014393
2 500014397
1 500014399
4096 500014400
4096 500018496
512 500022592
256 500023104
32 500023360
16 500023392
1 500023408
4096 500023409
1024 500027505
512 500028529
128 500029041
64 500029169
8 500029233
4096 500029241
2048 500033337
512 500035385
128 500035897
64 500036025
8 500036089
2 500036097
1 500036099
4096 500036100
2048 500040196
1024 500042244
512 500043268
256 500043780
64 500044036
8192 500044100
1024 500052292
32 500053316
8 500053348
4 500053356
1 500053360
8192 500053361
2048 500061553
256 500063601
128 500063857
16 500063985
8 500064001
8192 500064009
2048 500072201
1024 500074249
512 500075273
256 500075785
128 500076041
4 500076169
2 500076173
1 500076175
8192 500076176
4096 500084368
1024 500088464
512 500089488
8192 500090000
4096 500098192
2048 500102288
1024 500104336
256 500105360
8 500105616
1 500105624
16384 500105625
1024 500122009
128 500123033
32 500123161
8 500123193
16384 500123201
2048 500139585
1024 500141633
128 500142657
64 500142785
32 500142849
2 500142881
1 500142883
16384 500142884
4096 500159268
1024 500163364
256 500164388
128 500164644
64 500164772
16384 500164836
4096 500181220
2048 500185316
1024 500187364
512 500188388
256 500188900
64 500189156
4 500189220
1 500189224
16384 500189225
8192 500205609
2048 500213801
256 500215849
64 500216105
32 500216169
16 500216201
8 500216217
16384 500216225
8192 500232609
4096 500240801
1024 500244897
64 500245921
16 500245985
8 500246001
4 500246009
2 500246013
1 500246015
32768 500246016
32768 500278784
2048 500311552
1024 500313600
64 500314624
32 500314688
1 500314720
32768 500314721
4096 500347489
2048 500351585
256 500353633
128 500353889
8 500354017
32768 500354025
8192 500386793
1024 500394985
512 500396009
256 500396521
64 500396777
32 500396841
16 500396873
8 500396889
2 500396897
1 500396899
32768 500396900
8192 500429668
4096 500437860
1024 500441956
512 500442980
64 500443492
32768 500443556
16384 500476324
1024 500492708
256 500493732
128 500493988
64 500494116
16 500494180
8 500494196
4 500494204
1 500494208
32768 500494209
16384 500526977
4096 500543361
1024 500547457
512 500548481
64 500548993
16 500549057
8 500549073
32768 500549081
16384 500581849
8192 500598233
1024 500606425
512 500607449
256 500607961
128 500608217
32 500608345
16 500608377
4 500608393
2 500608397
1 500608399
32768 500608400
16384 500641168
8192 500657552
4096 500665744
2048 500669840
512 500671888
65536 500672400
2048 500737936
1024 500739984
256 500741008
32 500741264
16 500741296
8 500741312
1 500741320
65536 500741321
8192 500806857
256 500815049
64 500815305
32 500815369
8 500815401
65536 500815409
8192 500880945
4096 500889137
1024 500893233
512 500894257
128 500894769
16 500894897
2 500894913
1 500894915
65536 500894916
16384 500960452
2048 500976836
1024 500978884
128 500979908
64 500980036
65536 500980100
16384 501045636
8192 501062020
512 501070212
256 501070724
128 501070980
64 501071108
32 501071172
16 501071204
4 501071220
1 501071224
65536 501071225
16384 501136761
8192 501153145
4096 501161337
2048 501165433
1024 501167481
32 501168505
16 501168537
8 501168553
98304 501168561
4096 501266865
1024 501270961
256 501271985
128 501272241
8 501272369
4 501272377
2 501272381
1 501272383
98304 501272384
8192 501370688
4096 501378880
114688 501382976
2048 501497664
512 501499712
256 501500224
128 501500480
16 501500608
1 501500624
122880 501500625
2048 501623505
64 501625553
8 501625617
132635 501625625
16 501758260
137837 501758276
2048 501896113
512 501898161
128 501898673
64 501898801
16 501898865
2 501898881
1 501898883
148783 501898884
64 502047667
16 502047731
8 502047747
4 502047755
2 502047759
156975 502047761
256 502204736
128 502204992
64 502205120
32 502205184
8 502205216
1 502205224
159729 502205225
4096 502364954
2048 502369050
256 502371098
128 502371354
64 502371482
32 502371546
16 502371578
4 502371594
2 502371598
159729 502371600
8192 502531329
4096 502539521
2048 502543617
1024 502545665
512 502546689
8 502547201
4 502547209
2 502547213
1 502547215
177440 502547216
4096 502724656
2048 502728752
1024 502730800
512 502731824
64 502732336
8 502732400
1 502732408
193824 502732409
1024 502926233
256 502927257
8 502927513
205088 502927521
256 503132609
32 503132865
2 503132897
1 503132899
206097 503132900
8192 503338997
1024 503347189
512 503348213
128 503348725
32 503348853
8 503348885
4 503348893
2 503348897
1 503348899
206097 503348900
16384 503554997
4096 503571381
256 503575477
128 503575733
16 503575861
4 503575877
206097 503575881
16384 503781978
8192 503798362
4096 503806554
2048 503810650
1024 503812698
256 503813722
128 503813978
64 503814106
32 503814170
4 503814202
2 503814206
1 503814208
247057 503814209
2048 504061266
512 504063314
256 504063826
128 504064082
32 504064210
8 504064242
4 504064250
2 504064254
252465 504064256
8192 504316721
1024 504324913
256 504325937
128 504326193
64 504326321
8 504326385
4 504326393
2 504326397
1 504326399
252465 504326400
16384 504578865
4096 504595249
1024 504599345
512 504600369
128 504600881
16 504601009
252465 504601025
32768 504853490
2048 504886258
128 504888306
64 504888434
16 504888498
4 504888514
2 504888518
1 504888520
252465 504888521
32768 505140986
8192 505173754
4096 505181946
2048 505186042
1024 505188090
128 505189114
32 505189242
8 505189274
2 505189282
252465 505189284
32768 505441749
16384 505474517
8192 505490901
4096 505499093
512 505503189
8 505503701
4 505503709
2 505503713
1 505503715
327490 505503716
512 505831206
256 505831718
128 505831974
64 505832102
32 505832166
16 505832198
8 505832214
2 505832222
1 505832224
327490 505832225
8192 506159715
4096 506167907
2048 506172003
1024 506174051
128 506175075
16 506175203
4 506175219
2 506175223
327490 506175225
16384 506502715
8192 506519099
4096 506527291
1024 506531387
512 506532411
128 506532923
64 506533051
16 506533115
4 506533131
1 506533135
327490 506533136
32768 506860626
8192 506893394
4096 506901586
512 506905682
128 506906194
32 506906322
16 506906354
8 506906370
4 506906378
2 506906382
327490 506906384
32768 507233874
16384 507266642
8192 507283026
4096 507291218
64 507295314
16 507295378
4 507295394
2 507295398
1 507295400
327490 507295401
65536 507622891
8192 507688427
2048 507696619
1024 507698667
512 507699691
256 507700203
128 507700459
32 507700587
4 507700619
2 507700623
327490 507700625
65536 508028115
16384 508093651
8192 508110035
4096 508118227
128 508122323
32 508122451
16 508122483
1 508122499
327490 508122500
98304 508449990
8192 508548294
4096 508556486
512 508560582
256 508561094
64 508561350
32 508561414
16 508561446
8 508561462
4 508561470
2 508561474
448883 508561476
4096 509010359
2048 509014455
1024 509016503
256 509017527
128 509017783
64 509017911
32 509017975
2 509018007
448883 509018009
16384 509466892
8192 509483276
1024 509491468
64 509492492
4 509492556
1 509492560
448883 509492561
32768 509941444
8192 509974212
2048 509982404
1024 509984452
64 509985476
32 509985540
16 509985572
8 509985588
4 509985596
448883 509985600
32768 510434483
16384 510467251
8192 510483635
4096 510491827
1024 510495923
512 510496947
128 510497459
8 510497587
4 510497595
1 510497599
448883 510497600
65536 510946483
16384 511012019
512 511028403
64 511028915
32 511028979
16 511029011
8 511029027
4 511029035
2 511029039
448883 511029041
98304 511477924
4096 511576228
64 511580324
16 511580388
4 511580404
1 511580408
448883 511580409
122880 512029292
16 512152172
8 512152188
448883 512152196
142018 512601079
1024 512743097
512 512744121
256 512744633
8 512744889
2 512744897
1 512744899
448883 512744900
159729 513193783
4096 513353512
1024 513357608
256 513358632
128 513358888
8 513359016
1 513359024
448883 513359025
177440 513807908
8192 513985348
1024 513993540
512 513994564
4 513995076
1 513995080
645301 513995081
8192 514640382
4096 514648574
512 514652670
256 514653182
128 514653438
16 514653566
2 514653582
645301 514653584
32768 515298885
2048 515331653
1024 515333701
256 515334725
64 515334981
8 515335045
2 515335053
1 515335055
645301 515335056
32768 515980357
16384 516013125
8192 516029509
2048 516037701
256 516039749
16 516040005
4 516040021
645301 516040025
65536 516685326
16384 516750862
1024 516767246
512 516768270
128 516768782
64 516768910
32 516768974
16 516769006
2 516769022
1 516769024
645301 516769025
98304 517414326
8192 517512630
1024 517520822
512 517521846
128 517522358
64 517522486
32 517522550
8 517522582
4 517522590
2 517522594
645301 517522596
133181 518167897
128 518301078
64 518301206
8 518301270
4 518301278
2 518301282
645301 518301284
159023 518946585
32 519105608
1 519105640
645301 519105641
177440 519750942
4096 519928382
2048 519932478
1024 519934526
512 519935550
128 519936062
32 519936190
2 519936222
1 519936224
645301 519936225
206097 520581526
4096 520787623
1024 520791719
512 520792743
256 520793255
64 520793511
16 520793575
8 520793591
1 520793599
645301 520793600
238865 521438901
512 521677766
32 521678278
16 521678310
8 521678326
2 521678334
897766 521678336
8192 522576102
4096 522584294
2048 522588390
512 522590438
32 522590950
16 522590982
8 522590998
2 522591006
1 522591008
930534 522591009
8192 523521543
2048 523529735
256 523531783
128 523532039
32 523532167
2 523532199
970280 523532201
16 524502481
2 524502497
1 524502499
982147 524502500
16384 525484647
1024 525501031
256 525502055
128 525502311
32 525502439
16 525502471
8 525502487
4 525502495
1 525502499
982147 525502500
32768 526484647
8192 526517415
4096 526525607
2048 526529703
1024 526531751
16 526532775
8 526532791
2 526532799
982147 526532801
65536 527514948
8192 527580484
4096 527588676
1024 527592772
128 527593796
64 527593924
16 527593988
4 527594004
1 527594008
982147 527594009
98304 528576156
8192 528674460
2048 528682652
1024 528684700
512 528685724
256 528686236
128 528686492
64 528686620
32 528686684
16 528686716
4 528686732
982147 528686736
142018 529668883
512 529810901
128 529811413
32 529811541
16 529811573
8 529811589
2 529811597
1 529811599
982147 529811600
159729 530793747
8192 530953476
4096 530961668
2048 530965764
1024 530967812
256 530968836
128 530969092
4 530969220
1 530969224
982147 530969225
206097 531951372
2048 532157469
512 532159517
128 532160029
64 532160157
16 532160221
4 532160237
982147 532160241
238865 533142388
2048 533381253
1024 533383301
512 533384325
256 533384837
128 533385093
32 533385221
16 533385253
8 533385269
4 533385277
2 533385281
1 533385283
982147 533385284
252465 534367431
16384 534619896
8192 534636280
512 534644472
8 534644984
4 534644992
982147 534644996
252465 535627143
32768 535879608
16384 535912376
8192 535928760
2048 535936952
1024 535939000
1 535940024
982147 535940025
327490 536922172
16384 537249662
4096 537266046
512 537270142
256 537270654
64 537270910
32 537270974
16 537271006
2 537271022
1 537271024
982147 537271025
327490 538253172
32768 538580662
16384 538613430
8192 538629814
512 538638006
128 538638518
8 538638646
2 538638654
982147 538638656
327490 539620803
65536 539948293
16384 540013829
8192 540030213
4096 540038405
1024 540042501
32 540043525
16 540043557
8 540043573
2 540043581
1 540043583
982147 540043584
448883 541025731
8192 541474614
2048 541482806
1024 541484854
512 541485878
64 541486390
16 541486454
8 541486470
2 541486478
1 541486480
982147 541486481
448883 542468628
32768 542917511
16384 542950279
1024 542966663
256 542967687
64 542967943
16 542968007
2 542968023
982147 542968025
448883 543950172
65536 544399055
16384 544464591
4096 544480975
2048 544485071
1024 544487119
512 544488143
128 544488655
64 544488783
32 544488847
16 544488879
4 544488895
1 544488899
982147 544488900
448883 545471047
129024 545919930
512 546048954
256 546049466
64 546049722
8 546049786
2 546049794
982147 546049796
448883 547031943
159729 547480826
8192 547640555
2048 547648747
512 547650795
64 547651307
32 547651371
4 547651403
2 547651407
982147 547651409
645301 548633556
8192 549278857
4096 549287049
2048 549291145
1024 549293193
128 549294217
64 549294345
32 549294409
982147 549294441
645301 550276588
32768 550921889
16384 550954657
8192 550971041
256 550979233
64 550979489
32 550979553
8 550979585
4 550979593
2 550979597
1 550979599
982147 550979600
645301 551961747
98304 552607048
2048 552705352
128 552707400
64 552707528
8 552707592
982147 552707600
645301 553689747
142018 554335048
2048 554477066
32 554479114
8 554479146
4 554479154
2 554479158
1 554479160
982147 554479161
645301 555461308
177440 556106609
8192 556284049
2048 556292241
512 556294289
128 556294801
64 556294929
16 556294993
982147 556295009
645301 557277156
206097 557922457
16384 558128554
8192 558144938
2048 558153130
512 558155178
128 558155690
32 558155818
16 558155850
8 558155866
2 558155874
982147 558155876
897766 559138023
16384 560035789
8192 560052173
2048 560060365
64 560062413
16 560062477
4 560062493
2 560062497
1 560062499
982147 560062500
970947 561044647
16 562015594
8 562015610
4 562015618
2 562015622
1 562015624
1964294 562015625
32768 563979919
2048 564012687
1024 564014735
128 564015759
64 564015887
32 564015951
16 564015983
2 564015999
1964294 564016001
65536 565980295
16384 566045831
2048 566062215
64 566064263
32 566064327
16 566064359
8 566064375
1 566064383
1964294 566064384
132669 568028678
128 568161347
32 568161475
16 568161507
8 568161523
4 568161531
1 568161535
1964294 568161536
177440 570125830
4096 570303270
512 570307366
256 570307878
64 570308134
16 570308198
8 570308214
2 570308222
1 570308224
1964294 570308225
206097 572272519
16384 572478616
8192 572495000
1024 572503192
512 572504216
256 572504728
128 572504984
64 572505112
32 572505176
16 572505208
1 572505224
1964294 572505225
252465 574469519
16384 574721984
8192 574738368
4096 574746560
2048 574750656
512 574752704
64 574753216
32 574753280
4 574753312
1964294 574753316
327490 576717610
4096 577045100
2048 577049196
1024 577051244
512 577052268
256 577052780
128 577053036
64 577053164
32 577053228
16 577053260
8 577053276
1964294 577053284
327490 579017578
32768 579345068
16384 579377836
8192 579394220
2048 579402412
1024 579404460
256 579405484
128 579405740
32 579405868
16 579405900
4 579405916
1 579405920
1964294 579405921
327490 581370215
98304 581697705
8192 581796009
4096 581804201
2048 581808297
1024 581810345
512 581811369
128 581811881
16 581812009
1964294 581812025
448883 583776319
32768 584225202
8192 584257970
4096 584266162
2048 584270258
64 584272306
16 584272370
8 584272386
4 584272394
2 584272398
1964294 584272400
448883 586236694
98304 586685577
2048 586783881
1024 586785929
512 586786953
256 586787465
128 586787721
4 586787849
2 586787853
1 586787855
1964294 586787856
448883 588752150
156975 589201033
1024 589358008
128 589359032
32 589359160
16 589359192
1 589359208
1964294 589359209
645301 591323503
16384 591968804
2048 591985188
32 591987236
8 591987268
4 591987276
1 591987280
1964294 591987281
645301 593951575
65536 594596876
8192 594662412
2048 594670604
128 594672652
64 594672780
32 594672844
16 594672876
8 594672892
1964294 594672900
645301 596637194
133656 597282495
512 597416151
128 597416663
64 597416791
32 597416855
8 597416887
4 597416895
1 597416899
1964294 597416900
645301 599381194
177440 600026495
8192 600203935
4096 600212127
2048 600216223
1024 600218271
512 600219295
256 600219807
32 600220063
16 600220095
8 600220111
2 600220119
1964294 600220121
897766 602184415
1024 603082181
128 603083205
64 603083333
8 603083397
4 603083405
1964294 603083409
959206 605047703
512 606006909
128 606007421
64 606007549
2 606007613
1 606007615
2979209 606007616
4096 608986825
2048 608990921
512 608992969
64 608993481
32 608993545
16 608993577
4 608993593
2 608993597
1 608993599
3047334 608993600
1024 612040934
256 612041958
8 612042214
2 612042222
1 612042224
3047334 612042225
32768 615089559
16384 615122327
8192 615138711
4096 615146903
2048 615150999
1024 615153047
256 615154071
32 615154327
2 615154359
3047334 615154361
129024 618201695
128 618330719
32 618330847
4 618330879
1 618330883
3047334 618330884
193824 621378218
512 621572042
64 621572554
32 621572618
16 621572650
8 621572666
2 621572674
3047334 621572676
252465 624620010
4096 624872475
2048 624876571
1024 624878619
512 624879643
256 624880155
128 624880411
64 624880539
16 624880603
4 624880619
2 624880623
3047334 624880625
327490 627927959
128 628255449
32 628255577
16 628255609
3047334 628255625
327490 631302959
65536 631630449
2048 631695985
512 631698033
16 631698545
8 631698561
4 631698569
2 631698573
1 631698575
3047334 631698576
448883 634745910
8192 635194793
4096 635202985
2048 635207081
1024 635209129
128 635210153
64 635210281
32 635210345
4 635210377
2 635210381
1 635210383
3047334 635210384
448883 638257718
65536 638706601
16384 638772137
2048 638788521
1024 638790569
256 638791593
64 638791849
32 638791913
16 638791945
3047334 638791961
448883 641839295
148783 642288178
4096 642436961
2048 642441057
1024 642443105
64 642444129
32 642444193
3047334 642444225
645301 645491559
16384 646136860
8192 646153244
4096 646161436
2048 646165532
512 646167580
8 646168092
3047334 646168100
645301 649215434
98304 649860735
4096 649959039
1024 649963135
256 649964159
64 649964415
32 649964479
4 649964511
1 649964515
3047334 649964516
645301 653011850
177137 653657151
64 653834288
32 653834352
16 653834384
8 653834400
1 653834408
3047334 653834409
645301 656881743
251153 657527044
512 657778197
8 657778709
4 657778717
3047334 657778721
972238 660826055
64 661798293
32 661798357
8 661798389
2 661798397
1 661798399
3047334 661798400
982147 664845734
65536 665827881
512 665893417
256 665893929
128 665894185
64 665894313
16 665894377
4 665894393
2 665894397
1 665894399
3047334 665894400
982147 668941734
142018 669923881
1024 670065899
512 670066923
128 670067435
64 670067563
32 670067627
16 670067659
4 670067675
2 670067679
3047334 670067681
982147 673115015
206097 674097162
8192 674303259
4096 674311451
2048 674315547
1024 674317595
512 674318619
64 674319131
8 674319195
4 674319203
2 674319207
3047334 674319209
982147 677366543
252465 678348690
32768 678601155
8192 678633923
4096 678642115
2048 678646211
1024 678648259
512 678649283
128 678649795
32 678649923
1 678649955
3047334 678649956
982147 681697290
327490 682679437
32768 683006927
16384 683039695
4096 683056079
512 683060175
128 683060687
64 683060815
16 683060879
4 683060895
1 683060899
3047334 683060900
982147 686108234
448883 687090381
8192 687539264
4096 687547456
1024 687551552
256 687552576
128 687552832
64 687552960
1 687553024
3047334 687553025
982147 690600359
448883 691582506
65536 692031389
16384 692096925
8192 692113309
4096 692121501
1024 692125597
512 692126621
128 692127133
32 692127261
16 692127293
8 692127309
4 692127317
3047334 692127321
982147 695174655
448883 696156802
177440 696605685
1024 696783125
512 696784149
64 696784661
32 696784725
16 696784757
8 696784773
2 696784781
1 696784783
3047334 696784784
982147 699832118
645301 700814265
65536 701459566
1024 701525102
256 701526126
32 701526382
2 701526414
3047334 701526416
982147 704573750
645301 705555897
148783 706201198
2048 706349981
1024 706352029
128 706353053
32 706353181
8 706353213
4 706353221
3047334 706353225
982147 709400559
645301 710382706
206097 711028007
16384 711234104
8192 711250488
4096 711258680
2048 711262776
1024 711264824
256 711265848
64 711266104
32 711266168
16 711266200
8 711266216
1 711266224
3047334 711266225
982147 714313559
970723 715295706
4 716266429
2 716266433
1 716266435
3047334 716266436
1964294 719313770
65536 721278064
8192 721343600
2048 721351792
1024 721353840
16 721354864
4 721354880
3047334 721354884
1964294 724402218
159729 726366512
4096 726526241
2048 726530337
128 726532385
64 726532513
16 726532577
8 726532593
3047334 726532601
1964294 729579935
252465 731544229
2048 731796694
1024 731798742
512 731799766
256 731800278
64 731800534
16 731800598
8 731800614
2 731800622
1 731800624
3047334 731800625
1964294 734847959
327490 736812253
16384 737139743
2048 737156127
1024 737158175
512 737159199
256 737159711
32 737159967
1 737159999
3047334 737160000
1964294 740207334
327490 742171628
98304 742499118
8192 742597422
4096 742605614
2048 742609710
16 742611758
2 742611774
3047334 742611776
1964294 745659110
448883 747623404
65536 748072287
16384 748137823
2048 748154207
512 748156255
128 748156767
64 748156895
32 748156959
16 748156991
2 748157007
3047334 748157009
1964294 751204343
448883 753168637
177440 753617520
1024 753794960
512 753795984
256 753796496
8 753796752
1 753796760
3047334 753796761
1964294 756844095
645301 758808389
65536 759453690
8192 759519226
4096 759527418
512 759531514
64 759532026
8 759532090
2 759532098
3047334 759532100
1964294 762579434
645301 764543728
159729 765189029
8192 765348758
4096 765356950
2048 765361046
512 765363094
256 765363606
128 765363862
64 765363990
32 765364054
8 765364086
4 765364094
2 765364098
3047334 765364100
1964294 768411434
897766 770375728
16384 771273494
2048 771289878
1024 771291926
512 771292950
256 771293462
64 771293718
32 771293782
16 771293814
8 771293830
2 771293838
1 771293840
3047334 771293841
2979209 774341175
1024 777320384
512 777321408
256 777321920
128 777322176
64 777322304
32 777322368
8 777322400
1 777322408
6094668 777322409
32768 783417077
1024 783449845
16 783450869
8 783450885
2 783450893
1 783450895
6094668 783450896
134680 789545564
128 789680244
16 789680372
8 789680388
4 789680396
6094668 789680400
206097 795775068
16384 795981165
8192 795997549
4096 796005741
2048 796009837
128 796011885
8 796012013
4 796012021
6094668 796012025
327490 802106693
8192 802434183
4096 802442375
256 802446471
128 802446727
16 802446855
8 802446871
2 802446879
6094668 802446881
442178 808541549
2048 808983727
256 808985775
32 808986031
16 808986063
4 808986079
1 808986083
6094668 808986084
448883 815080752
98304 815529635
2048 815627939
512 815629987
256 815630499
1 815630755
6094668 815630756
645301 821725424
8192 822370725
2048 822378917
1024 822380965
32 822381989
4 822382021
6094668 822382025
645301 828476693
114688 829121994
4096 829236682
128 829240778
64 829240906
32 829240970
16 829241002
4 829241018
2 829241022
1 829241024
6094668 829241025
645301 835335693
206097 835980994
16384 836187091
4096 836203475
1024 836207571
256 836208595
32 836208851
8 836208883
4 836208891
1 836208895
6094668 836208896
982147 842303564
1024 843285711
32 843286735
16 843286767
1 843286783
6094668 843286784
982147 849381452
98304 850363599
8192 850461903
4096 850470095
1024 850474191
512 850475215
64 850475727
32 850475791
16 850475823
2 850475839
6094668 850475841
982147 856570509
206097 857552656
16384 857758753
2048 857775137
32 857777185
8 857777217
6094668 857777225
982147 863871893
327490 864854040
8192 865181530
2048 865189722
256 865191770
64 865192026
8 865192090
2 865192098
6094668 865192100
982147 871286768
448883 872268915
2048 872717798
1024 872719846
512 872720870
128 872721382
64 872721510
32 872721574
16 872721606
8 872721622
4 872721630
2 872721634
6094668 872721636
982147 878816304
448883 879798451
114688 880247334
4096 880362022
512 880366118
256 880366630
64 880366886
32 880366950
16 880366982
8 880366998
2 880367006
1 880367008
6094668 880367009
982147 886461677
645301 887443824
32768 888089125
4096 888121893
2048 888125989
1024 888128037
256 888129061
64 888129317
16 888129381
4 888129397
6094668 888129401
982147 894224069
645301 895206216
156975 895851517
1024 896008492
256 896009516
128 896009772
64 896009900
32 896009964
4 896009996
6094668 896010000
982147 902104668
897766 903086815
16384 903984581
8192 904000965
512 904009157
256 904009669
64 904009925
8 904009989
2 904009997
1 904009999
6094668 904010000
1964294 910104668
32768 912068962
16384 912101730
8192 912118114
4096 912126306
128 912130402
64 912130530
4 912130594
2 912130598
1 912130600
6094668 912130601
1964294 918225269
177440 920189563
4096 920367003
1024 920371099
512 920372123
256 920372635
64 920372891
32 920372955
16 920372987
4 920373003
2 920373007
6094668 920373009
1964294 926467677
252465 928431971
32768 928684436
16384 928717204
4096 928733588
512 928737684
128 928738196
64 928738324
32 928738388
16 928738420
6094668 928738436
1964294 934833104
327490 936797398
98304 937124888
4096 937223192
512 937227288
256 937227800
32 937228056
8 937228088
4 937228096
6094668 937228100
1964294 943322768
448883 945287062
98304 945735945
8192 945834249
512 945842441
256 945842953
16 945843209
6094668 945843225
1964294 951937893
645301 953902187
32768 954547488
4096 954580256
512 954584352
128 954584864
32 954584992
16 954585024
1 954585040
6094668 954585041
1964294 960679709
645301 962644003
159729 963289304
4096 963449033
1024 963453129
512 963454153
64 963454665
32 963454729
16 963454761
4 963454777
2 963454781
1 963454783
6094668 963454784
1964294 969549452
930534 971513746
8192 972444280
1024 972452472
128 972453496
64 972453624
8 972453688
6094668 972453696
3034646 978548364
8 981583010
4 981583018
2 981583022
1 981583024
6094668 981583025
3047334 987677693
114688 990725027
4096 990839715
128 990843811
64 990843939
16 990844003
4 990844019
2 990844023
6094668 990844025
3047334 996938693
8192 999986027
4096 999994219
1024 999998315
512 999999339
128 999999851
16 999999979
4 999999995
