1470
1 1
2 1
2 2
4 1
5 1
4 3
4 4
8 1
9 1
10 1
11 1
8 5
13 1
8 7
8 8
16 1
16 2
18 1
16 4
16 5
21 3
21 4
25 1
26 1
27 2
26 4
16 15
16 16
32 1
32 2
34 1
34 2
36 1
37 1
36 3
39 1
39 2
39 3
42 1
42 2
34 11
45 1
34 13
47 1
47 2
49 2
49 3
49 4
53 1
34 21
55 1
55 2
55 3
58 1
59 1
55 6
61 1
32 31
32 32
64 2
66 3
64 6
70 2
70 3
70 4
74 1
74 2
74 3
77 1
78 1
74 6
80 1
80 2
82 1
82 2
64 21
85 1
86 1
87 1
64 25
89 1
89 2
91 1
91 2
89 5
94 1
95 1
95 2
89 9
98 2
98 3
101 1
102 1
103 1
104 4
102 7
109 1
110 1
109 3
101 12
113 1
114 1
101 15
116 1
116 3
116 4
89 32
121 1
122 2
122 3
121 5
64 63
64 64
128 1
128 2
130 1
131 1
131 2
131 3
134 1
131 5
130 7
128 10
138 2
138 3
141 1
142 1
128 16
144 1
145 1
145 2
147 1
145 4
149 1
145 6
151 1
151 2
144 10
154 1
154 2
156 1
157 1
158 1
154 6
160 1
161 3
164 4
144 26
170 2
172 1
170 6
176 1
170 10
180 2
180 5
185 2
187 1
170 20
190 2
190 4
194 2
194 4
194 6
190 11
201 3
201 5
206 1
207 2
207 4
211 1
207 6
207 7
214 2
214 4
201 18
190 30
220 2
220 3
223 1
223 3
220 7
227 1
227 4
144 89
233 1
234 3
234 7
241 1
233 10
243 1
243 8
243 11
128 127
128 128
256 2
256 4
260 4
264 2
256 11
267 2
269 1
269 2
271 1
271 3
269 6
269 7
267 11
278 1
278 4
282 2
282 3
285 1
286 2
286 3
256 34
290 1
291 2
293 1
294 4
290 11
301 1
256 47
303 1
303 3
303 4
307 1
307 4
311 2
307 7
314 2
314 3
314 5
319 5
314 12
326 2
328 3
328 7
328 10
338 1
339 1
339 2
341 1
342 1
328 16
344 1
345 2
347 1
344 5
326 24
350 1
350 2
352 1
314 40
354 1
355 4
355 6
355 9
364 3
364 4
364 5
369 7
256 121
377 10
377 13
377 18
395 1
396 9
395 19
377 38
415 5
415 11
426 4
430 8
438 12
450 11
426 36
462 6
468 6
474 18
492 6
498 6
504 1
504 6
256 255
256 256
512 12
512 16
528 6
512 24
536 10
536 15
551 1
552 6
512 61
573 4
573 19
592 3
512 98
610 8
610 11
621 2
621 3
624 12
636 6
642 6
621 46
667 5
672 6
610 74
684 2
684 6
690 6
696 6
684 21
705 3
708 6
714 12
684 45
729 3
732 6
738 10
738 18
756 18
774 12
786 6
792 6
798 6
804 18
822 6
828 6
834 6
840 8
840 12
852 6
858 17
858 24
882 12
894 6
900 6
610 307
917 1
918 6
924 6
930 18
948 6
954 6
960 24
610 377
987 3
990 6
987 13
1000 2
1002 5
1002 6
1000 17
1000 19
1019 1
512 511
512 512
1024 14
1038 12
1050 6
1056 6
1062 6
1068 6
1024 54
1078 8
1086 6
1092 6
1098 6
1104 6
1110 12
1122 6
1078 56
1134 6
1140 6
1146 12
1078 81
1159 5
1164 6
1170 6
1176 6
1159 33
1192 2
1194 6
1200 12
1192 26
1159 62
1221 9
1230 6
1236 6
1242 6
1024 243
1267 24
1267 30
1024 303
1327 4
1331 29
1331 188
1519 11
1024 573
1597 131
1728 6
1728 73
1801 137
1024 1023
1024 1024
2048 10
2048 149
2197 72
2269 168
2048 536
2584 70
2654 90
2584 170
2754 17
2754 415
3169 198
2754 621
3375 10
3375 87
3375 196
3571 36
3607 74
3571 426
2048 2047
2048 2048
4096 85
4181 38
4219 462
4181 732
4913 254
4181 1078
5259 160
5419 258
5677 127
5259 573
5832 109
5941 270
6211 276
6487 159
4181 2584
6765 4
6765 94
6859 52
6859 198
7057 96
6765 684
7449 201
7449 304
7449 551
4096 4095
4096 4096
8192 395
8192 917
9109 132
9109 152
8192 1297
9489 159
9489 414
9489 430
9919 348
9489 1159
8192 2754
10946 35
10981 115
10981 738
10946 1221
12167 314
12481 151
12481 390
12871 331
12871 396
10946 2654
13600 69
13600 224
13824 667
14491 420
14911 426
13824 1801
15625 144
15769 438
16207 112
8192 8191
8192 8192
16384 267
16651 450
16384 1192
16384 1327
17711 142
17711 308
18019 468
18487 474
17711 1267
18978 705
19683 244
19927 492
20419 498
20917 504
21421 510
19683 2269
21952 1017
22969 528
23497 534
21952 2437
24389 182
24571 546
25117 552
25669 558
18978 7449
26427 218
26427 364
26427 573
27000 1519
17711 10946
28657 1134
29791 510
30301 1218
31519 618
32137 624
16384 16383
16384 16384
32768 623
33391 636
34027 642
34669 648
32768 3169
35937 1360
37297 672
37969 678
35937 3367
39304 27
39331 690
40021 696
40717 702
41419 708
42127 714
39304 3571
42875 686
43561 726
44287 732
45019 738
32768 13600
46368 133
46368 288
46656 595
47251 756
48007 1530
49537 774
46656 3997
50653 438
51091 786
51877 792
52669 798
53467 804
50653 4219
54872 209
46368 9109
55477 190
46368 9489
55857 40
55897 822
56719 505
56719 828
57547 834
58381 840
55857 3462
59319 748
60067 852
60919 858
61777 1734
59319 4681
64000 387
64387 882
46368 18978
32768 32767
32768 32768
65536 621
66157 894
67051 900
67951 906
65536 3385
68921 848
69769 918
70687 924
71611 930
68921 3681
72602 875
68921 5167
74088 331
74419 948
75367 954
76321 960
77281 1938
74088 5419
79507 690
80197 984
81181 990
82171 996
83167 1002
84169 1008
79507 5677
85184 1007
86191 1020
87211 2058
89269 1038
85184 5941
91125 226
91351 1050
92401 1056
93457 1062
94519 1068
95587 1074
91125 6211
97336 405
97741 1086
98827 1092
99919 1098
101017 39
101017 1104
102121 1110
97336 6487
103823 524
104347 1122
105469 1128
106597 1134
107731 1140
108871 1146
103823 6769
110592 577
111169 1158
112327 1164
113491 1170
114661 1176
115837 1182
110592 7057
117649 558
118207 1194
119401 1200
65536 55477
65536 55857
121393 414
121807 1212
121393 3607
125000 461
125461 1230
126691 1236
127927 1242
129169 1248
65536 65535
65536 65536
131072 5
131077 3
131080 5
131085 8
131093 13
131106 21
131127 34
131161 55
131216 89
131305 144
131449 222
131449 233
131682 377
132059 592
132059 610
132669 987
133656 1597
135253 2584
137837 2771
137837 4181
142018 6765
148783 94
148877 8587
148783 10946
159729 6646
166375 9241
159729 17711
177440 7753
185193 9919
195112 10267
177440 28657
206097 9903
216000 10981
206097 26427
232524 5804
238328 11719
206097 46368
252465 5259
131072 131072
262144 12481
274625 12871
287496 13267
300763 13669
262144 55667
262144 65346
327490 1019
328509 14491
343000 14911
357911 15337
373248 15769
389017 11096
389017 16207
405224 16651
421875 17101
327490 121393
448883 7650
456533 18019
474552 18487
493039 18961
262144 262144
524288 7153
531441 19927
551368 20419
571787 20917
592704 21421
614125 21931
524288 121013
645301 13202
658503 22969
681472 23497
704969 24031
729000 24571
753571 25117
778688 25669
804357 26227
830584 26791
645301 232524
877825 6911
645301 257724
903025 9648
912673 28519
645301 317811
963112 25
963137 138
963275 101
963376 55
963431 49
963480 154
963634 74
963708 45
963753 80
963833 160
963993 55
964048 121
964169 27
964196 116
964312 70
964382 101
964483 145
964628 130
964758 98
964856 100
964956 116
965072 113
965185 130
965315 156
965471 82
965553 53
965606 151
965757 153
965910 137
966047 126
966173 102
966275 81
966356 130
966486 86
966572 58
966630 36
966666 141
966807 32
966839 140
966979 109
967088 112
967200 81
967281 152
967433 59
967492 70
967562 129
967691 77
967768 152
967920 78
967998 39
968037 79
968116 24
968140 42
968182 82
968264 34
968298 138
968436 52
968488 82
968570 58
968628 33
968661 155
968816 149
968965 87
969052 76
969128 157
969285 147
969432 122
969554 112
969666 128
969794 49
969843 37
969880 79
969959 38
969997 44
970041 120
970161 25
970186 94
970280 19
970280 131
970411 158
970569 51
970620 103
970723 84
970807 140
970947 137
971084 31
971115 35
971150 128
971278 121
971399 41
971440 91
971531 66
971597 136
971733 125
971858 26
971884 61
971945 120
972065 73
972138 100
972238 161
972399 44
972443 102
972545 57
972602 119
972721 74
972795 117
972912 32
972944 83
973027 102
973129 142
973271 157
973428 141
973569 73
973642 87
973729 159
973888 159
974047 69
974116 45
974161 122
974283 134
974417 110
974527 79
974606 144
974750 79
974829 94
974923 133
975056 42
975098 93
975191 38
975229 136
975365 130
975495 95
975590 25
975615 156
975771 32
975803 127
975930 75
976005 125
976130 138
976268 124
976392 56
976448 48
976496 153
976649 66
976715 121
976836 100
976936 69
977005 45
977050 46
977096 153
977249 114
977363 102
977465 112
977577 119
977696 78
977774 141
977915 45
977960 136
978096 36
978132 143
978275 161
978436 126
978562 38
978600 73
978673 97
978770 79
978849 60
978909 136
979045 63
979108 124
979232 44
979276 49
979325 116
979441 38
979479 58
979537 150
979687 116
979803 43
979846 137
979983 143
980126 83
980209 59
980268 152
980420 128
980548 88
980636 144
980780 24
980804 103
980907 135
981042 94
981136 141
981277 86
981363 64
981427 111
981538 32
981570 41
981611 144
981755 73
981828 143
981971 125
982096 51
982147 17853
1000000 30301
524288 524288
1048576 12632
1061208 31519
1092727 32137
1124864 32761
1157625 33391
1191016 34027
1225043 34669
1259712 35317
1295029 72602
1367631 37297
1404928 37969
1442897 38647
1481544 39331
1520875 40021
1560896 40717
1601613 41419
1643032 42127
1685159 42841
1728000 43561
1771561 44287
1815848 45019
1860867 45757
1906624 46501
1953125 47251
2000376 48007
1048576 1048576
2097152 49537
2146689 50311
2197000 51091
2248091 51877
2299968 52669
2352637 53467
2406104 54271
2460375 55081
2515456 55897
2571353 56719
2628072 57547
2685619 58381
2744000 59221
2803221 60067
2863288 60919
2924207 61777
2097152 903025
3000177 104
3000281 117
3000398 314
3000712 234
3000946 157
3001103 220
3001323 290
3001613 152
3001765 354
3002119 267
3002386 326
3002712 350
3003062 350
3003412 255
3003667 241
3003908 201
3004109 328
3004437 278
3004715 234
3004949 355
3005304 109
3005413 364
3005777 180
3005957 352
3006309 124
3006433 102
3006535 114
3006649 301
3006950 344
3007294 369
3007663 351
3008014 269
3008283 361
3008644 89
3008733 349
3009082 91
3009173 227
3009400 142
3009542 223
3009765 219
3009984 319
3010303 222
3010525 350
3010875 206
3011081 155
3011236 282
3011518 285
3011803 132
3011935 136
3012071 376
3012447 128
3012575 243
3012818 207
3013025 338
3013363 120
3013483 291
3013774 234
3014008 286
3014294 254
3014548 328
3014876 251
3015127 353
3015480 176
3015656 311
3015967 269
3016236 285
3016521 289
3016810 306
3017116 138
3017254 368
3017622 369
3017991 140
3018131 293
3018424 276
3018700 231
3018931 256
3019187 95
3019282 149
3019431 153
3019584 159
3019743 304
3020047 126
3020173 244
3020417 185
3020602 214
3020816 237
3021053 339
3021392 364
3021756 97
3021853 284
3022137 335
3022472 207
3022679 278
3022957 213
3023170 267
3023437 160
3023597 172
3023769 201
3023970 275
3024245 194
3024439 286
3024725 156
3024881 145
3025026 288
3025314 226
3025540 211
3025751 341
3026092 294
3026386 149
3026535 204
3026739 359
3027098 192
3027290 284
3027574 132
3027706 153
3027859 341
3028200 290
3028490 345
3028835 133
3028968 194
3029162 251
3029413 364
3029777 304
3030081 143
3030224 340
3030564 92
3030656 114
3030770 349
3031119 187
3031306 317
3031623 129
3031752 313
3032065 271
3032336 200
3032536 126
3032662 367
3033029 255
3033284 269
3033553 271
3033824 103
3033927 304
3034231 242
3034473 173
3034646 302
3034948 96
3035044 288
3035332 228
3035560 260
3035820 290
3036110 188
3036298 324
3036622 316
3036938 98
3037036 244
3037280 264
3037544 241
3037785 237
3038022 256
3038278 148
3038426 218
3038644 342
3038986 148
3039134 343
3039477 266
3039743 146
3039889 127
3040016 298
3040314 275
3040589 231
3040820 91
3040911 158
3041069 308
3041377 270
3041647 104
3041751 170
3041921 274
3042195 108
3042303 347
3042650 164
3042814 94
3042908 313
3043221 306
3043527 212
3043739 286
3044025 177
3044202 266
3044468 173
3044641 132
3044773 194
3044967 275
3045242 194
3045436 272
3045708 147
3045855 298
3046153 109
3046262 279
3046541 302
3046843 367
3047210 124
3047334 1291
3048625 63511
3112136 64387
3176523 65269
3241792 66157
3307949 67051
3375000 67951
3442951 68857
3511808 69769
3581577 70687
3652264 71611
3723875 72541
3796416 73477
3869893 74419
3944312 75367
4019679 76321
4096000 77281
2097152 2097152
4194304 57224
4251528 79219
4330747 80197
4410944 81181
4492125 82171
4574296 83167
4657463 84169
4741632 85177
4826809 86191
4913000 87211
4194304 877825
5072129 16319
5088448 89269
5177717 90307
5268024 91351
5359375 92401
5451776 93457
5545233 94519
5639752 95587
5735339 96661
5832000 97741
5929741 98827
6028568 99919
6128487 101017
6229504 102121
6331625 103231
6434856 104347
6539203 105469
6644672 106597
6751269 107731
6859000 108871
6967871 110017
7077888 111169
7189057 112327
7301384 113491
7414875 114661
7529536 115837
7645373 117019
7762392 118207
7880599 119401
8000000 120601
8120601 121807
8242408 123019
4194304 4194304
8388608 101056
8489664 125461
8615125 126691
8741816 127927
8869743 129169
8998912 130417
9129329 26645
9129329 131671
8388608 5072129
8388608 8388608
16777216 13460737
16777216 16777216
33554432 33554432
67108864 30237953
67108864 67108864
134217728 97346817
134217728 134217728
268435456 231564545
500000001 8
500000009 27
500000036 64
500000100 125
500000225 216
500000441 343
500000784 512
500001296 729
500002025 1000
500003025 1331
500004356 1728
500006084 2197
500008281 2744
500011025 3375
500014400 4096
500018496 4913
500023409 5832
500029241 6859
500036100 8000
500044100 9261
500053361 10648
500064009 12167
500076176 13824
500090000 15625
500105625 17576
500123201 19683
500142884 21952
500164836 24389
500189225 27000
500216225 29791
500246016 32768
500278784 35937
500314721 39304
500354025 42875
500396900 46656
500443556 50653
500494209 54872
500549081 59319
500608400 64000
500672400 68921
500741321 74088
500815409 79507
500894916 85184
500980100 91125
501071225 97336
501168561 103823
501272384 110592
501382976 117649
501500625 125000
501625625 132651
501758276 140608
501898884 148877
502047761 157464
502205225 166375
502371600 175616
502547216 185193
502732409 195112
502927521 205379
503132900 216000
503348900 226981
503575881 238328
503814209 250047
504064256 262144
504326400 274625
504601025 287496
504888521 300763
505189284 314432
505503716 328509
505832225 343000
506175225 357911
506533136 373248
506906384 389017
507295401 405224
507700625 421875
508122500 438976
508561476 456533
509018009 474552
509492561 493039
509985600 512000
510497600 531441
511029041 551368
511580409 571787
512152196 592704
512744900 614125
513359025 636056
513995081 658503
514653584 681472
515335056 704969
516040025 729000
516769025 753571
517522596 778688
518301284 804357
519105641 830584
519936225 857375
520793600 884736
521678336 912673
522591009 941192
523532201 970299
524502500 1000000
525502500 1030301
526532801 1061208
527594009 1092727
528686736 1124864
529811600 1157625
530969225 1191016
532160241 1225043
533385284 1259712
534644996 1295029
268435456 268435456
536870912 400113
537271025 1367631
538638656 1404928
540043584 1442897
541486481 1481544
542968025 1520875
544488900 1560896
546049796 1601613
547651409 1643032
549294441 1685159
550979600 1728000
552707600 1771561
554479161 1815848
556295009 1860867
558155876 1906624
560062500 1953125
562015625 2000376
564016001 2048383
566064384 2097152
568161536 2146689
570308225 2197000
572505225 2248091
574753316 2299968
577053284 2352637
579405921 2406104
581812025 2460375
584272400 2515456
586787856 2571353
589359209 2628072
591987281 2685619
594672900 2744000
597416900 2803221
600220121 2863288
603083409 2924207
606007616 2985984
608993600 3048625
612042225 3112136
615154361 3176523
618330884 3241792
621572676 3307949
624880625 3375000
628255625 3442951
631698576 3511808
635210384 3581577
638791961 3652264
642444225 3723875
646168100 3796416
649964516 3869893
653834409 3944312
657778721 4019679
661798400 4096000
665894400 4173281
670067681 4251528
674319209 4330747
678649956 4410944
683060900 4492125
687553025 4574296
692127321 4657463
696784784 4741632
701526416 4826809
706353225 4913000
711266225 5000211
716266436 5088448
721354884 5177717
726532601 5268024
731800625 5359375
737160000 5451776
742611776 5545233
748157009 5639752
753796761 5735339
759532100 5832000
765364100 5929741
771293841 6028568
777322409 6128487
783450896 6229504
789680400 6331625
796012025 6434856
802446881 6539203
808986084 6644672
815630756 6751269
822382025 6859000
829241025 6967871
836208896 7077888
843286784 7189057
850475841 7301384
857777225 7414875
865192100 7529536
872721636 7645373
880367009 7762392
888129401 7880599
896010000 8000000
904010000 8120601
912130601 8242408
920373009 8365427
928738436 8489664
937228100 8615125
945843225 8741816
954585041 8869743
963454784 8998912
972453696 9129329
981583025 9261000
990844025 9155974
