1799
1 1
2 1
3 1
4 1
5 1
6 1
7 1
8 1
9 1
10 1
11 1
12 1
13 1
14 1
15 1
16 1
17 1
18 1
19 1
20 1
21 1
22 1
23 1
24 1
25 1
26 1
27 1
28 1
29 1
30 1
31 1
32 1
33 1
34 1
35 1
36 1
37 1
38 1
39 1
40 1
41 1
42 1
43 1
44 1
45 1
46 1
47 1
48 1
49 1
50 1
51 1
52 1
53 1
54 1
55 1
56 1
57 1
58 1
59 1
60 1
61 1
62 1
63 1
64 1
65 1
66 1
67 1
68 1
69 1
70 1
71 1
72 1
73 1
74 1
75 1
76 1
77 1
78 1
79 1
80 1
81 1
82 1
83 1
84 1
85 1
86 1
87 1
88 1
89 1
90 1
91 1
92 1
93 1
94 1
95 1
96 1
97 1
98 1
99 1
100 1
101 1
102 1
103 1
104 1
105 1
106 1
107 1
108 1
109 1
110 1
111 1
112 1
113 1
114 1
115 1
116 1
117 1
118 1
119 1
120 1
121 1
122 1
123 1
124 1
125 1
126 1
127 1
128 1
129 1
130 1
131 1
132 1
133 1
134 1
135 1
136 1
137 1
138 1
139 1
140 1
141 1
142 1
143 1
144 1
145 1
146 1
147 1
148 1
149 1
150 1
151 1
152 1
153 1
154 1
155 1
156 1
157 1
158 1
159 1
160 1
161 1
162 1
163 1
164 1
165 1
166 1
167 1
168 1
169 1
170 1
171 1
172 1
173 1
174 1
175 1
176 1
177 1
178 1
179 1
180 1
181 1
182 1
183 1
184 1
185 1
186 1
187 1
188 1
189 1
190 1
191 1
192 1
193 1
194 1
195 1
196 1
197 1
198 1
199 1
200 1
201 1
202 1
203 1
204 1
205 1
206 1
207 1
208 1
209 1
210 1
211 1
212 1
213 1
214 1
215 1
216 1
217 1
218 1
219 1
220 1
221 1
222 1
223 1
224 1
225 1
226 1
227 1
228 1
229 1
230 1
231 1
232 1
233 1
234 1
235 1
236 1
237 1
238 1
239 1
240 1
241 1
242 1
243 1
244 1
245 1
246 1
247 1
248 1
249 1
250 1
251 1
252 1
253 1
254 1
255 1
256 1
257 1
258 1
259 1
260 1
261 1
262 1
263 1
264 1
265 1
266 1
267 1
268 1
269 1
270 1
271 1
272 1
273 1
274 1
275 1
276 1
277 1
278 1
279 1
280 1
281 1
282 1
283 1
284 1
285 1
286 1
287 1
288 1
289 1
290 1
291 1
292 1
293 1
294 1
295 1
296 1
297 1
298 1
299 8
307 4
311 2
313 4
317 3
320 11
331 6
337 10
347 2
349 4
353 6
359 8
367 6
373 6
379 4
383 1
384 5
389 8
397 4
401 8
409 10
419 2
421 10
431 2
433 6
439 4
443 6
449 8
457 4
461 2
463 4
467 12
479 8
487 4
491 8
499 4
503 6
509 3
512 9
521 2
523 18
541 3
544 3
547 10
557 6
563 6
569 2
571 5
576 1
577 10
587 6
593 6
599 2
601 6
607 6
613 4
617 2
619 12
631 9
640 1
641 2
643 4
647 6
653 6
659 2
661 12
673 4
677 6
683 8
691 77
768 256
1024 64
1088 64
1152 128
1280 256
1536 512
2048 128
2176 128
2304 256
2560 512
3072 1024
4096 256
4352 256
4608 512
5120 1024
6144 2048
8192 512
8704 512
9216 1024
10240 2048
12288 4096
16384 1024
17408 1024
18432 2048
20480 4096
24576 8192
32768 2048
34816 2048
36864 4096
40960 8192
49152 16384
65536 4096
69632 4096
73728 8192
81920 16384
98304 24576
122880 6144
129024 1536
130560 509
131069 2
131071 1
131072 5
131077 3
131080 5
131085 8
131093 13
131106 21
131127 34
131161 55
131216 89
131305 144
131449 233
131682 373
132055 4
132059 607
132666 3
132669 768
133437 219
133656 1536
135192 61
135253 2560
137813 24
137837 1280
139117 147
139264 2560
141824 194
142018 5120
147138 317
147455 1
147456 1280
148736 47
148783 10240
159023 691
159714 15
159729 4096
163825 15
163840 12288
176128 1280
177408 32
177440 18432
195872 691
196563 45
196608 9216
205824 273
206097 40960
247057 5120
252177 288
252465 9216
261681 463
262144 16384
278528 16384
294912 24576
319488 6144
325632 1536
327168 320
327488 2
327490 190
327680 65536
393216 49152
442368 6144
448512 367
448879 4
448883 73728
522611 1536
524147 141
524288 32768
557056 32768
589824 49152
638976 6144
645120 181
645301 9216
654517 768
655285 75
655360 131072
786432 176128
962560 547
963107 5
963112 25
963137 138
963275 101
963376 55
963431 49
963480 154
963634 74
963708 45
963753 80
963833 160
963993 55
964048 121
964169 27
964196 116
964312 70
964382 101
964483 145
964628 130
964758 98
964856 100
964956 116
965072 113
965185 130
965315 156
965471 82
965553 53
965606 151
965757 153
965910 137
966047 126
966173 102
966275 81
966356 130
966486 86
966572 58
966630 36
966666 141
966807 32
966839 140
966979 109
967088 112
967200 81
967281 152
967433 59
967492 70
967562 129
967691 77
967768 152
967920 78
967998 39
968037 79
968116 24
968140 42
968182 82
968264 34
968298 138
968436 52
968488 82
968570 58
968628 33
968661 155
968816 149
968965 87
969052 76
969128 157
969285 147
969432 122
969554 112
969666 128
969794 49
969843 37
969880 79
969959 38
969997 44
970041 120
970161 25
970186 94
970280 131
970411 158
970569 51
970620 103
970723 84
970807 140
970947 137
971084 31
971115 35
971150 128
971278 121
971399 41
971440 91
971531 66
971597 136
971733 125
971858 26
971884 61
971945 120
972065 73
972138 100
972238 161
972399 44
972443 102
972545 57
972602 119
972721 74
972795 117
972912 32
972944 83
973027 102
973129 142
973271 157
973428 141
973569 73
973642 87
973729 159
973888 159
974047 69
974116 45
974161 122
974283 134
974417 110
974527 79
974606 144
974750 79
974829 94
974923 133
975056 42
975098 93
975191 38
975229 136
975365 130
975495 95
975590 25
975615 156
975771 32
975803 127
975930 75
976005 125
976130 138
976268 124
976392 56
976448 48
976496 153
976649 66
976715 121
976836 100
976936 69
977005 45
977050 46
977096 153
977249 114
977363 102
977465 112
977577 119
977696 78
977774 141
977915 45
977960 136
978096 36
978132 143
978275 161
978436 126
978562 38
978600 73
978673 97
978770 79
978849 60
978909 136
979045 63
979108 124
979232 44
979276 49
979325 116
979441 38
979479 58
979537 150
979687 116
979803 43
979846 137
979983 143
980126 83
980209 59
980268 152
980420 128
980548 88
980636 144
980780 24
980804 103
980907 135
981042 94
981136 141
981277 86
981363 64
981427 111
981538 32
981570 41
981611 144
981755 73
981828 143
981971 125
982096 51
982147 65536
1047683 768
1048451 125
1048576 65536
1114112 65536
1179648 131072
1310720 262144
1572864 524288
2097152 786432
2883584 98304
2981888 17408
2999296 768
3000064 113
3000177 104
3000281 117
3000398 313
3000711 1
3000712 234
3000946 157
3001103 220
3001323 290
3001613 152
3001765 353
3002118 1
3002119 267
3002386 320
3002706 6
3002712 349
3003061 1
3003062 349
3003411 1
3003412 255
3003667 241
3003908 201
3004109 320
3004429 8
3004437 278
3004715 234
3004949 353
3005302 2
3005304 109
3005413 359
3005772 5
3005777 180
3005957 349
3006306 3
3006309 124
3006433 102
3006535 114
3006649 299
3006948 2
3006950 337
3007287 7
3007294 367
3007661 2
3007663 349
3008012 2
3008014 269
3008283 359
3008642 2
3008644 89
3008733 349
3009082 91
3009173 227
3009400 142
3009542 223
3009765 219
3009984 317
3010301 2
3010303 222
3010525 349
3010874 1
3010875 206
3011081 155
3011236 282
3011518 285
3011803 132
3011935 136
3012071 373
3012444 3
3012447 128
3012575 243
3012818 207
3013025 337
3013362 1
3013363 120
3013483 291
3013774 234
3014008 286
3014294 254
3014548 320
3014868 8
3014876 251
3015127 353
3015480 176
3015656 311
3015967 269
3016236 285
3016521 289
3016810 299
3017109 7
3017116 138
3017254 367
3017621 1
3017622 367
3017989 2
3017991 140
3018131 293
3018424 276
3018700 231
3018931 256
3019187 95
3019282 149
3019431 153
3019584 159
3019743 299
3020042 5
3020047 126
3020173 244
3020417 185
3020602 214
3020816 237
3021053 337
3021390 2
3021392 359
3021751 5
3021756 97
3021853 284
3022137 331
3022468 4
3022472 207
3022679 278
3022957 213
3023170 267
3023437 160
3023597 172
3023769 201
3023970 275
3024245 194
3024439 286
3024725 156
3024881 145
3025026 288
3025314 226
3025540 211
3025751 337
3026088 4
3026092 294
3026386 149
3026535 204
3026739 359
3027098 192
3027290 284
3027574 132
3027706 153
3027859 337
3028196 4
3028200 290
3028490 337
3028827 8
3028835 133
3028968 194
3029162 251
3029413 359
3029772 5
3029777 299
3030076 5
3030081 143
3030224 337
3030561 3
3030564 92
3030656 114
3030770 349
3031119 187
3031306 317
3031623 129
3031752 313
3032065 271
3032336 200
3032536 126
3032662 367
3033029 255
3033284 269
3033553 271
3033824 103
3033927 299
3034226 5
3034231 242
3034473 173
3034646 299
3034945 3
3034948 96
3035044 288
3035332 228
3035560 260
3035820 290
3036110 188
3036298 320
3036618 4
3036622 313
3036935 3
3036938 98
3037036 244
3037280 264
3037544 241
3037785 237
3038022 256
3038278 148
3038426 218
3038644 337
3038981 5
3038986 148
3039134 337
3039471 6
3039477 266
3039743 146
3039889 127
3040016 298
3040314 275
3040589 231
3040820 91
3040911 158
3041069 307
3041376 1
3041377 270
3041647 104
3041751 170
3041921 274
3042195 108
3042303 347
3042650 164
3042814 94
3042908 313
3043221 299
3043520 7
3043527 212
3043739 286
3044025 177
3044202 266
3044468 173
3044641 132
3044773 194
3044967 275
3045242 194
3045436 272
3045708 147
3045855 298
3046153 109
3046262 279
3046541 299
3046840 3
3046843 367
3047210 124
3047334 3047334
6094668 6094668
12189336 12189336
24378672 24378672
48757344 48757344
97514688 97514688
195029376 195029376
390058752 97514688
487573440 12189336
499762776 206097
499968873 24576
499993449 6144
499999593 401
499999994 7
500000001 8
500000009 27
500000036 64
500000100 125
500000225 216
500000441 337
500000778 6
500000784 512
500001296 691
500001987 38
500002025 768
500002793 232
500003025 1280
500004305 51
500004356 1536
500005892 192
500006084 2176
500008260 21
500008281 2560
500010841 184
500011025 3072
500014097 299
500014396 4
500014400 4096
500018496 4608
500023104 299
500023403 6
500023409 5120
500028529 691
500029220 21
500029241 6144
500035385 691
500036076 24
500036100 6144
500042244 1536
500043780 320
500044100 9216
500053316 45
500053361 10240
500063601 401
500064002 7
500064009 10240
500074249 1536
500075785 389
500076174 2
500076176 12288
500088464 1536
500090000 12288
500102288 3072
500105360 265
500105625 17408
500123033 168
500123201 18432
500141633 1152
500142785 99
500142884 20480
500163364 1280
500164644 192
500164836 20480
500185316 3072
500188388 768
500189156 69
500189225 24576
500213801 2304
500216105 120
500216225 24576
500240801 5120
500245921 95
500246016 32768
500278784 34816
500313600 1088
500314688 33
500314721 36864
500351585 2304
500353889 136
500354025 40960
500394985 1536
500396521 379
500396900 40960
500437860 5120
500442980 576
500443556 49152
500492708 1280
500493988 221
500494209 49152
500543361 5120
500548481 599
500549080 1
500549081 49152
500598233 9216
500607449 768
500608217 183
500608400 49152
500657552 12288
500669840 2560
500672400 65536
500737936 3072
500741008 313
500741321 73728
500815049 359
500815408 1
500815409 73728
500889137 5120
500894257 659
500894916 81920
500976836 3072
500979908 192
500980100 81920
501062020 8704
501070724 499
501071223 2
501071225 81920
501153145 12288
501165433 3072
501168505 56
501168561 98304
501266865 5120
501271985 397
501272382 2
501272384 98304
501370688 12288
501382976 98304
501481280 18432
501499712 768
501500480 145
501500625 122880
501623505 2048
501625553 72
501625625 132059
501757684 587
501758271 5
501758276 139264
501897540 1280
501898820 64
501898884 148783
502047667 94
502047761 148783
502196544 8192
502204736 487
502205223 2
502205225 163840
502369065 2304
502371369 231
502371600 163840
502535440 10240
502545680 1536
502547216 177440
502724656 6144
502730800 1536
502732336 73
502732409 177440
502909849 17408
502927257 264
502927521 196608
503124129 8704
503132833 67
503132900 206097
503338997 9216
503348213 683
503348896 4
503348900 206097
503554997 20480
503575477 401
503575878 3
503575881 206097
503781978 24576
503806554 6144
503812698 1280
503813978 231
503814209 247057
504061266 2560
504063826 421
504064247 9
504064256 262144
504326400 262144
504588544 12288
504600832 193
504601025 278528
504879553 8704
504888257 264
504888521 294912
505183433 5120
505188553 691
505189244 40
505189284 294912
505484196 18432
505502628 1088
505503716 327680
505831396 768
505832164 61
505832225 327680
506159905 12288
506172193 2560
506174753 467
506175220 5
506175225 327680
506502905 24576
506527481 5120
506532601 523
506533124 12
506533136 327680
506860816 40960
506901776 4608
506906384 327680
507234064 49152
507283216 10240
507293456 1536
507294992 409
507295401 393216
507688617 10240
507698857 1536
507700393 232
507700625 393216
508093841 24576
508118417 3072
508121489 768
508122257 243
508122500 393216
508515716 40960
508556676 4608
508561284 192
508561476 448883
509010359 6144
509016503 1280
509017783 226
509018009 448883
509466892 24576
509491468 1088
509492556 5
509492561 448883
509941444 40960
509982404 3072
509985476 124
509985600 448883
510434483 49152
510483635 12288
510495923 1536
510497459 141
510497600 524288
511021888 6144
511028032 768
511028800 241
511029041 524288
511553329 24576
511577905 2304
511580209 200
511580409 557056
512137465 12288
512149753 2304
512152057 139
512152196 589824
512742020 2560
512744580 320
512744900 589824
513334724 20480
513355204 3072
513358276 691
513358967 58
513359025 589824
513948849 40960
513989809 5120
513994929 152
513995081 655360
514650441 3072
514653513 71
514653584 655360
515308944 24576
515333520 1536
515335056 655360
515990416 49152
516039568 457
516040025 655360
516695385 69632
516765017 3072
516768089 768
516768857 168
516769025 655360
517424385 81920
517506305 12288
517518593 3072
517521665 768
517522433 163
517522596 655360
518177956 122880
518300836 443
518301279 5
518301284 786432
519087716 17408
519105124 512
519105636 5
519105641 786432
519892073 40960
519933033 3072
519936105 120
519936225 786432
520722657 69632
520792289 1280
520793569 31
520793600 786432
521580032 98304
521678336 786432
522464768 122880
522587648 3072
522590720 289
522591009 786432
523377441 148783
523526224 5120
523531344 768
523532112 89
523532201 970280
524502481 19
524502500 982147
525484647 17408
525502055 443
525502498 2
525502500 982147
526484647 40960
526525607 6144
526531751 1024
526532775 26
526532801 1048576
527581377 12288
527593665 337
527594002 7
527594009 1048576
528642585 40960
528683545 3072
528686617 119
528686736 1114112
529800848 10240
529811088 512
529811600 1114112
530925712 40960
530966672 2304
530968976 249
530969225 1179648
532148873 10240
532159113 1088
532160201 40
532160241 1179648
533339889 40960
533380849 4352
533385201 83
533385284 1179648
534564932 73728
534638660 6144
534644804 192
534644996 1179648
535824644 98304
535922948 16384
535939332 691
535940023 2
535940025 1310720
537250745 18432
537269177 1536
537270713 311
537271024 1
537271025 1310720
538581745 49152
538630897 6144
538637041 1536
538638577 79
538638656 1310720
539949376 81920
540031296 12288
540043584 1310720
541354304 132059
541486363 118
541486481 1310720
542797201 163840
542961041 6144
542967185 768
542967953 72
542968025 1310720
544278745 206097
544484842 3072
544487914 768
544488682 218
544488900 1310720
545799620 247057
546046677 3072
546049749 47
546049796 1572864
547622660 24576
547647236 4096
547651332 77
547651409 1572864
549224273 69632
549293905 523
549294428 13
549294441 1572864
550867305 98304
550965609 12288
550977897 1536
550979433 167
550979600 1572864
552552464 148783
552701247 6144
552707391 209
552707600 1572864
554280464 196608
554477072 2048
554479120 41
554479161 1572864
556052025 206097
556258122 36864
556294986 23
556295009 1572864
557867873 278528
558146401 9216
558155617 259
558155876 1572864
559728740 327680
560056420 5120
560061540 768
560062308 192
560062500 1572864
561635364 327680
561963044 49152
562012196 3072
562015268 353
562015621 4
562015625 1572864
563588489 393216
563981705 32768
564014473 1280
564015753 248
564016001 1572864
565588865 448883
566037748 24576
566062324 2048
566064372 12
566064384 2097152
568161536 2097152
570258688 49152
570307840 384
570308224 1
570308225 2097152
572405377 98304
572503681 1536
572505217 8
572505225 2097152
574602377 148783
574751160 2048
574753208 108
574753316 2097152
576850468 196608
577047076 6144
577053220 64
577053284 2097152
579150436 252465
579402901 2560
579405461 457
579405918 3
579405921 2097152
581503073 294912
581797985 12288
581810273 1536
581811809 216
581812025 2097152
583909177 327680
584236857 34816
584271673 691
584272364 36
584272400 2097152
586369552 393216
586762768 24576
586787344 512
586787856 2097152
588885008 448883
589333891 24576
589358467 691
589359158 51
589359209 2097152
591456361 524288
591980649 6144
591986793 487
591987280 1
591987281 2097152
594084433 557056
594641489 24576
594666065 6144
594672209 691
594672900 2097152
596770052 645301
597415353 1536
597416889 11
597416900 2097152
599514052 655360
600169412 49152
600218564 1536
600220100 21
600220121 2097152
602317273 655360
602972633 98304
603070937 12288
603083225 184
603083409 2883584
605966993 36864
606003857 3072
606006929 683
606007612 4
606007616 2981888
608989504 4096
608993600 3047334
612040934 1280
612042214 11
612042225 3047334
615089559 49152
615138711 12288
615150999 3072
615154071 290
615154361 3047334
618201695 129024
618330719 165
618330884 3047334
621378218 177440
621555658 16384
621572042 631
621572673 3
621572676 3047334
624620010 252465
624872475 6144
624878619 1536
624880155 467
624880622 3
624880625 3047334
627927959 327490
628255449 176
628255625 3047334
631302959 393216
631696175 2304
631698479 97
631698576 3047334
634745910 448883
635194793 12288
635207081 3072
635210153 231
635210384 3047334
638257718 524288
638782006 9216
638791222 691
638791913 48
638791961 3047334
641839295 589824
642429119 12288
642441407 2560
642443967 258
642444225 3047334
645491559 655360
646146919 20480
646167399 691
646168090 10
646168100 3047334
649215434 655360
649870794 81920
649952714 10240
649962954 1536
649964490 26
649964516 3047334
653011850 786432
653798282 34816
653833098 1280
653834378 31
653834409 3047334
656881743 786432
657668175 98304
657766479 10240
657776719 1536
657778255 463
657778718 3
657778721 3047334
660826055 972238
661798293 107
661798400 3047334
664845734 1048576
665894310 90
665894400 3047334
668941734 1114112
670055846 10240
670066086 1536
670067622 59
670067681 3047334
673115015 1179648
674294663 20480
674315143 3072
674318215 768
674318983 226
674319209 3047334
677366543 1179648
678546191 98304
678644495 5120
678649615 337
678649952 4
678649956 3047334
681697290 1310720
683008010 49152
683057162 3072
683060234 661
683060895 5
683060900 3047334
686108234 1310720
687418954 133656
687552610 409
687553019 6
687553025 3047334
690600359 1310720
691911079 206097
692117176 9216
692126392 768
692127160 161
692127321 3047334
695174655 1572864
696747519 36864
696784383 401
696784784 3047334
699832118 1572864
701404982 98304
701503286 20480
701523766 2560
701526326 90
701526416 3047334
704573750 1572864
706146614 206097
706352711 512
706353223 2
706353225 3047334
709400559 1572864
710973423 278528
711251951 12288
711264239 1536
711265775 449
711266224 1
711266225 3047334
714313559 1572864
715886423 327680
716214103 49152
716263255 3072
716266327 109
716266436 3047334
719313770 1572864
720886634 448883
721335517 18432
721353949 768
721354717 167
721354884 3047334
724402218 2097152
726499370 32768
726532138 463
726532601 3047334
729579935 2097152
731677087 122880
731799967 653
731800620 5
731800625 3047334
734847959 2097152
736945111 206097
737151208 8704
737159912 88
737160000 3047334
740207334 2097152
742304486 294912
742599398 12288
742611686 90
742611776 3047334
745659110 2097152
747756262 393216
748149478 6144
748155622 1280
748156902 107
748157009 3047334
751204343 2097152
753301495 448883
753750378 40960
753791338 5120
753796458 299
753796757 4
753796761 3047334
756844095 2097152
758941247 589824
759531071 1024
759532095 5
759532100 3047334
762579434 2097152
764676586 655360
765331946 24576
765356522 6144
765362666 1280
765363946 154
765364100 3047334
768411434 2097152
770508586 655360
771163946 129024
771292970 768
771293738 103
771293841 3047334
774341175 2883584
777224759 81920
777306679 12288
777318967 3072
777322039 367
777322406 3
777322409 6094668
783417077 32768
783449845 1024
783450869 27
783450896 6094668
789545564 133656
789679220 1152
789680372 28
789680400 6094668
795775068 206097
795981165 24576
796005741 6144
796011885 140
796012025 6094668
802106693 327680
802434373 12288
802446661 220
802446881 6094668
808541549 442368
808983917 2048
808985965 119
808986084 6094668
815080752 524288
815605040 24576
815629616 1088
815630704 52
815630756 6094668
821725424 655360
822380784 1152
822381936 89
822382025 6094668
828476693 655360
829132053 98304
829230357 10240
829240597 421
829241018 7
829241025 6094668
835335693 786432
836122125 81920
836204045 4608
836208653 243
836208896 6094668
842303564 982147
843285711 1024
843286735 49
843286784 6094668
849381452 1048576
850430028 40960
850470988 4608
850475596 245
850475841 6094668
856570509 1179648
857750157 24576
857774733 2304
857777037 188
857777225 6094668
863871893 1310720
865182613 9216
865191829 271
865192100 6094668
871286768 1310720
872597488 122880
872720368 1152
872721520 116
872721636 6094668
878816304 1310720
880127024 206097
880333121 32768
880365889 1088
880366977 32
880367009 6094668
886461677 1572864
888034541 81920
888116461 12288
888128749 647
888129396 5
888129401 6094668
894224069 1572864
895796933 206097
896003030 6144
896009174 768
896009942 58
896010000 6094668
902104668 1572864
903677532 327680
904005212 4608
904009820 180
904010000 6094668
910104668 1572864
911677532 448883
912126415 4096
912130511 90
912130601 6094668
918225269 2097152
920322421 49152
920371573 1280
920372853 156
920373009 6094668
926467677 2097152
928564829 163840
928728669 9216
928737885 547
928738432 4
928738436 6094668
934833104 2097152
936930256 294912
937225168 2560
937227728 367
937228095 5
937228100 6094668
943322768 2097152
945419920 393216
945813136 24576
945837712 5120
945842832 389
945843221 4
945843225 6094668
951937893 2097152
954035045 524288
954559333 24576
954583909 1088
954584997 44
954585041 6094668
960679709 2097152
962776861 655360
963432221 20480
963452701 2048
963454749 35
963454784 6094668
969549452 2883584
972433036 20480
972453516 180
972453696 6094668
978548364 3034646
981583010 15
981583025 6094668
987677693 3047334
990725027 98304
990823331 20480
990843811 214
990844025 6094668
996938693 3047334
999986027 12288
999998315 1536
999999851 148
