1541
1 1
2 1
3 1
4 1
5 1
6 2
8 5
13 3
16 5
21 3
24 1
25 1
26 1
27 4
31 1
32 1
33 1
34 1
35 1
36 1
37 1
38 1
39 2
41 1
42 1
43 1
44 1
45 1
46 2
48 1
49 2
51 1
52 1
53 2
55 1
56 1
57 1
58 1
59 1
60 1
61 2
63 1
64 2
66 3
69 1
70 3
73 1
74 1
75 1
76 1
77 1
78 1
79 1
80 1
81 1
82 1
83 1
84 2
86 1
87 1
88 1
89 2
91 1
92 1
93 1
94 1
95 1
96 1
97 1
98 2
100 1
101 1
102 1
103 1
104 4
108 1
109 1
110 1
111 1
112 1
113 1
114 2
116 1
117 2
119 1
120 1
121 1
122 2
124 1
125 1
126 1
127 1
128 1
129 1
130 1
131 1
132 1
133 1
134 1
135 1
136 1
137 1
138 2
140 1
141 1
142 1
143 1
144 1
145 1
146 1
147 1
148 1
149 1
150 1
151 1
152 1
153 1
154 1
155 1
156 1
157 1
158 1
159 1
160 1
161 3
164 6
170 2
172 1
173 3
176 1
177 3
180 5
185 2
187 1
188 4
192 2
194 6
200 1
201 3
204 2
206 1
207 4
211 1
212 1
213 1
214 2
216 2
218 1
219 1
220 2
222 1
223 3
226 1
227 1
228 3
231 2
233 1
234 3
237 4
241 1
242 1
243 1
244 6
250 1
251 3
254 1
255 1
256 4
260 4
264 2
266 1
267 2
269 1
270 1
271 1
272 2
274 1
275 1
276 2
278 1
279 3
282 2
284 1
285 1
286 2
288 1
289 1
290 1
291 2
293 1
294 4
298 3
301 1
302 2
304 2
306 2
308 3
311 2
313 1
314 2
316 1
317 2
319 5
324 2
326 2
328 6
334 1
335 3
338 1
339 1
340 1
341 1
342 1
343 1
344 1
345 2
347 2
349 1
350 1
351 1
352 1
353 1
354 1
355 4
359 2
361 3
364 3
367 1
368 1
369 6
375 1
376 1
377 135
512 98
610 377
987 13
1000 24
1024 306
1330 1
1331 266
1597 131
1728 319
2047 1
2048 149
2197 377
2574 8
2582 2
2584 160
2744 610
3354 21
3375 610
3985 111
4096 84
4180 1
4181 610
4791 122
4913 610
5523 308
5831 1
5832 610
6442 319
6761 4
6765 94
6859 1024
7883 117
8000 192
8192 1024
9216 45
9261 1331
10592 56
10648 298
10946 1024
11970 194
12164 3
12167 1597
13764 60
13824 1728
15552 73
15625 610
16235 149
16384 1024
17408 164
17572 4
17576 135
17711 1728
19439 244
19683 2197
21880 70
21950 2
21952 2197
24149 237
24386 3
24389 2584
26973 27
27000 1597
28597 60
28657 1024
29681 110
29791 2744
32535 233
32768 2744
35512 377
35889 48
35937 3354
39291 13
39304 3375
42679 194
42873 2
42875 3375
46250 117
46367 1
46368 288
46656 3985
50641 8
50649 4
50653 4181
54834 38
54872 4181
59053 266
59319 4181
63500 377
63877 122
63999 1
64000 4913
68913 8
68921 4913
73834 254
74088 610
74698 326
75024 1
75025 4181
79206 301
79507 5523
85030 154
85184 5832
91016 109
91125 5832
96957 377
97334 2
97336 610
97946 355
98301 2
98303 4913
103216 512
103728 95
103823 6765
110588 4
110592 6859
117451 194
117645 4
117649 3375
121024 369
121393 3375
124768 231
124999 1
125000 5832
130832 237
131069 2
131071 6
131077 3
131080 5
131085 8
131093 13
131106 21
131127 34
131161 55
131216 89
131305 144
131449 233
131682 377
132059 512
132571 80
132651 16
132667 2
132669 987
133656 1597
135253 2584
137837 2744
140581 27
140608 1331
141939 79
142018 6765
148783 94
148877 8192
157069 377
157446 16
157462 2
157464 2197
159661 66
159727 2
159729 6442
166171 204
166375 9216
175591 25
175616 1728
177344 96
177440 6859
184299 610
184909 284
185193 9261
194454 610
195064 48
195112 1024
196136 282
196418 8192
204610 610
205220 159
205379 610
205989 108
206097 9261
215358 610
215968 32
216000 10946
226946 35
226981 10946
237927 377
238304 24
238328 10946
249274 610
249884 161
250045 2
250047 2197
252244 220
252464 1
252465 9261
261726 377
262103 41
262144 12167
274311 314
274625 12167
286792 610
287402 94
287496 12167
299663 1024
300687 76
300763 12167
312930 1331
314261 170
314431 1
314432 3375
317807 4
317811 9261
327072 377
327449 41
327490 1000
328490 16
328506 3
328509 13824
342333 610
342943 57
343000 13824
356824 1024
357848 63
357911 13824
371735 1331
373066 180
373246 2
373248 15625
388873 144
389017 15625
404642 512
405154 70
405224 16384
421608 267
421875 16384
438259 610
438869 104
438973 3
438976 9261
448237 610
448847 36
448883 6859
455742 610
456352 180
456532 1
456533 17711
474244 308
474552 17711
492263 610
492873 164
493037 2
493039 17711
510750 1024
511774 226
512000 19439
531439 2
531441 19683
551124 244
551368 19683
571051 610
571661 126
571787 19683
591470 1024
592494 207
592701 3
592704 19683
612387 1728
614115 8
614123 2
614125 21880
636005 51
636056 9216
645272 27
645299 2
645301 12167
657468 1024
658492 8
658500 3
658503 21952
680455 1000
681455 16
681471 1
681472 21952
703424 1331
704755 214
704969 21952
726921 2048
728969 31
729000 24389
753389 180
753569 2
753571 24389
777960 610
778570 117
778687 1
778688 24389
803077 1024
804101 256
804357 24389
828746 1728
830474 110
830584 24389
854973 2197
857170 204
857374 1
857375 27000
884375 361
884736 27000
911736 610
912346 326
912672 1
912673 27000
939673 1331
941004 188
941192 21880
963072 39
963111 1
963112 25
963137 138
963275 101
963376 55
963431 49
963480 154
963634 74
963708 45
963753 80
963833 160
963993 55
964048 121
964169 27
964196 116
964312 70
964382 101
964483 145
964628 130
964758 98
964856 100
964956 116
965072 113
965185 130
965315 156
965471 82
965553 53
965606 151
965757 153
965910 137
966047 126
966173 102
966275 81
966356 130
966486 86
966572 58
966630 36
966666 141
966807 32
966839 140
966979 109
967088 112
967200 81
967281 152
967433 59
967492 70
967562 129
967691 77
967768 152
967920 78
967998 39
968037 79
968116 24
968140 42
968182 82
968264 34
968298 138
968436 52
968488 82
968570 58
968628 33
968661 155
968816 149
968965 87
969052 76
969128 157
969285 147
969432 122
969554 112
969666 128
969794 49
969843 37
969880 79
969959 38
969997 44
970041 120
970161 25
970186 94
970280 16
970296 3
970299 112
970411 158
970569 51
970620 103
970723 84
970807 140
970947 137
971084 31
971115 35
971150 128
971278 121
971399 41
971440 91
971531 66
971597 136
971733 125
971858 26
971884 61
971945 120
972065 73
972138 100
972238 161
972399 44
972443 102
972545 57
972602 119
972721 74
972795 117
972912 32
972944 83
973027 102
973129 142
973271 157
973428 141
973569 73
973642 87
973729 159
973888 159
974047 69
974116 45
974161 122
974283 134
974417 110
974527 79
974606 144
974750 79
974829 94
974923 133
975056 42
975098 93
975191 38
975229 136
975365 130
975495 95
975590 25
975615 156
975771 32
975803 127
975930 75
976005 125
976130 138
976268 124
976392 56
976448 48
976496 153
976649 66
976715 121
976836 100
976936 69
977005 45
977050 46
977096 153
977249 114
977363 102
977465 112
977577 119
977696 78
977774 141
977915 45
977960 136
978096 36
978132 143
978275 161
978436 126
978562 38
978600 73
978673 97
978770 79
978849 60
978909 136
979045 63
979108 124
979232 44
979276 49
979325 116
979441 38
979479 58
979537 150
979687 116
979803 43
979846 137
979983 143
980126 83
980209 59
980268 152
980420 128
980548 88
980636 144
980780 24
980804 103
980907 135
981042 94
981136 141
981277 86
981363 64
981427 111
981538 32
981570 41
981611 144
981755 73
981828 143
981971 125
982096 51
982147 17711
999858 142
1000000 29791
1029791 377
1030168 133
1030301 29791
1060092 1024
1061116 92
1061208 29791
1090999 1728
1092727 29791
1122518 2197
1124715 149
1124864 32535
1157399 226
1157625 32768
1190393 610
1191003 13
1191016 32768
1223784 1024
1224808 234
1225042 1
1225043 32768
1257811 1728
1259539 173
1259712 32768
1292480 2197
1294677 352
1295029 35937
1330966 34
1331000 35937
1366937 610
1367547 84
1367631 35937
1403568 1331
1404899 27
1404926 2
1404928 35937
1440865 1728
1442593 304
1442897 35937
1478834 2584
1481418 126
1481544 39304
1520848 27
1520875 39304
1560179 610
1560789 104
1560893 3
1560896 39304
1600200 1331
1601531 82
1601613 39304
1640917 2048
1642965 66
1643031 1
1643032 39304
1682336 2744
1685080 79
1685159 42679
1727838 161
1727999 1
1728000 42875
1770875 610
1771485 76
1771561 42875
1814436 1331
1815767 81
1815848 42875
1858723 2048
1860771 96
1860867 42875
1903742 2744
1906486 138
1906624 46368
1952992 133
1953125 46656
1999781 512
2000293 83
2000376 17576
2017952 78
2018030 29791
2047821 512
2048333 49
2048382 1
2048383 46656
2095039 2048
2097087 64
2097151 1
2097152 46656
2143808 2744
2146552 137
2146689 46656
2193345 3375
2196720 279
2196999 1
2197000 50653
2247653 377
2248030 61
2248091 50653
2298744 1024
2299768 200
2299968 50653
2350621 1728
2352349 288
2352637 50653
2403290 2744
2406034 70
2406104 50653
2456757 3375
2460132 243
2460375 54872
2515247 207
2515454 2
2515456 54872
2570328 1024
2571352 1
2571353 54872
2626225 1728
2627953 119
2628072 54872
2682944 2584
2685528 91
2685619 54872
2740491 3375
2743866 134
2744000 59053
2803053 164
2803217 4
2803221 59319
2862540 610
2863150 138
2863288 59319
2922607 1597
2924204 3
2924207 59319
2983526 2197
2985723 260
2985983 1
2985984 13824
2999808 369
3000177 104
3000281 117
3000398 314
3000712 234
3000946 157
3001103 220
3001323 290
3001613 152
3001765 354
3002119 267
3002386 326
3002712 350
3003062 350
3003412 255
3003667 241
3003908 201
3004109 328
3004437 278
3004715 234
3004949 355
3005304 109
3005413 364
3005777 180
3005957 352
3006309 124
3006433 102
3006535 114
3006649 301
3006950 344
3007294 369
3007663 351
3008014 269
3008283 361
3008644 89
3008733 349
3009082 91
3009173 227
3009400 142
3009542 223
3009765 219
3009984 319
3010303 222
3010525 350
3010875 206
3011081 155
3011236 282
3011518 285
3011803 132
3011935 136
3012071 376
3012447 128
3012575 243
3012818 207
3013025 338
3013363 120
3013483 291
3013774 234
3014008 286
3014294 254
3014548 328
3014876 251
3015127 353
3015480 176
3015656 311
3015967 269
3016236 285
3016521 289
3016810 306
3017116 138
3017254 368
3017622 369
3017991 140
3018131 293
3018424 276
3018700 231
3018931 256
3019187 95
3019282 149
3019431 153
3019584 159
3019743 304
3020047 126
3020173 244
3020417 185
3020602 214
3020816 237
3021053 339
3021392 364
3021756 97
3021853 284
3022137 335
3022472 207
3022679 278
3022957 213
3023170 267
3023437 160
3023597 172
3023769 201
3023970 275
3024245 194
3024439 286
3024725 156
3024881 145
3025026 288
3025314 226
3025540 211
3025751 341
3026092 294
3026386 149
3026535 204
3026739 359
3027098 192
3027290 284
3027574 132
3027706 153
3027859 341
3028200 290
3028490 345
3028835 133
3028968 194
3029162 251
3029413 364
3029777 304
3030081 143
3030224 340
3030564 92
3030656 114
3030770 349
3031119 187
3031306 317
3031623 129
3031752 313
3032065 271
3032336 200
3032536 126
3032662 367
3033029 255
3033284 269
3033553 271
3033824 103
3033927 304
3034231 242
3034473 173
3034646 302
3034948 96
3035044 288
3035332 228
3035560 260
3035820 290
3036110 188
3036298 324
3036622 316
3036938 98
3037036 244
3037280 264
3037544 241
3037785 237
3038022 256
3038278 148
3038426 218
3038644 342
3038986 148
3039134 343
3039477 266
3039743 146
3039889 127
3040016 298
3040314 275
3040589 231
3040820 91
3040911 158
3041069 308
3041377 270
3041647 104
3041751 170
3041921 274
3042195 108
3042303 347
3042650 164
3042814 94
3042908 313
3043221 306
3043527 212
3043739 286
3044025 177
3044202 266
3044468 173
3044641 132
3044773 194
3044967 275
3045242 194
3045436 272
3045708 147
3045855 298
3046153 109
3046262 279
3046541 302
3046843 367
3047210 124
3047334 1024
3048358 267
3048625 63500
3112125 8
3112133 3
3112136 64000
3176136 377
3176513 8
3176521 2
3176523 64000
3240523 1024
3241547 244
3241791 1
3241792 64000
3305792 2048
3307840 109
3307949 64000
3371949 2744
3374693 306
3374999 1
3375000 64000
3439000 3375
3442375 512
3442887 64
3442951 64000
3506951 4791
3511742 66
3511808 68921
3580729 610
3581339 237
3581576 1
3581577 68921
3650498 1728
3652226 38
3652264 68921
3721185 2584
3723769 104
3723873 2
3723875 68921
3792796 3375
3796171 244
3796415 1
3796416 68921
3865337 4181
3869518 375
3869893 74088
3943981 328
3944309 3
3944312 75025
4019337 342
4019679 75025
4094704 1024
4095728 272
4096000 75025
4171025 2197
4173222 59
4173281 75025
4248306 2744
4251050 377
4251427 101
4251528 79206
4330734 13
4330747 79507
4410254 610
4410864 80
4410944 79507
4490451 1597
4492048 77
4492125 79507
4571632 2584
4574216 80
4574296 79507
4653803 3375
4657178 285
4657463 79507
4736970 4181
4741151 377
4741528 104
4741632 85030
4826662 147
4826809 85184
4911993 1000
4912993 6
4912999 1
4913000 85184
4998184 1728
4999912 298
5000210 1
5000211 85184
5085395 2744
5088139 308
5088447 1
5088448 85184
5173632 3985
5177617 100
5177717 85184
5262901 4913
5267814 207
5268021 3
5268024 91125
5359149 226
5359375 91125
5450500 1024
5451524 251
5451775 1
5451776 91125
5542901 2197
5545098 135
5545233 91125
5636358 3375
5639733 16
5639749 3
5639752 91125
5730877 4181
5735058 279
5735337 2
5735339 91125
5826464 5523
5831987 13
5832000 97336
5929336 377
5929713 27
5929740 1
5929741 98303
6028044 512
6028556 8
6028564 4
6028568 98303
6126871 1597
6128468 16
6128484 3
6128487 98303
6226790 2584
6229374 130
6229504 98303
6327807 3375
6331182 377
6331559 66
6331625 103216
6434841 13
6434854 2
6434856 103823
6538679 512
6539191 8
6539199 4
6539203 103823
6643026 1597
6644623 49
6644672 103823
6748495 2744
6751239 27
6751266 3
6751269 103823
6855092 3375
6858467 512
6858979 21
6859000 103823
6962823 4913
6967736 135
6967871 103823
7071694 5832
7077526 361
7077887 1
7077888 110592
7188480 512
7188992 64
7189056 1
7189057 110592
7299649 1728
7301377 6
7301383 1
7301384 110592
7411976 2744
7414720 155
7414875 110592
7525467 3985
7529452 84
7529536 110592
7640128 4913
7645041 328
7645369 4
7645373 110592
7755965 5832
7761797 512
7762309 83
7762392 117649
7880041 512
7880553 46
7880599 117649
7998248 1728
7999976 24
8000000 117649
8117649 2744
8120393 207
8120600 1
8120601 121393
8241994 377
8242371 37
8242408 121393
8363801 1597
8365398 27
8365425 2
8365427 121393
8486820 2744
8489564 100
8489664 125000
8614664 377
8615041 84
8615125 125000
8740125 1597
8741722 94
8741816 125000
8866816 2744
8869560 180
8869740 3
8869743 125000
8994743 4096
8998839 73
8998912 125000
9123912 4913
9128825 377
9129202 127
9129329 24389
9153718 2197
9155915 59
9155974 103823
9259797 1024
9260821 177
9260998 2
9261000 9261000
18522000 18522000
37044000 37044000
74088000 74088000
148176000 148176000
296352000 148176000
444528000 37044000
481572000 9261000
490833000 6028568
496861568 91016
496952584 83
496952667 3047334
500000001 8
500000009 27
500000036 64
500000100 125
500000225 216
500000441 343
500000784 512
500001296 610
500001906 119
500002025 1000
500003025 1331
500004356 1728
500006084 2197
500008281 2744
500011025 3375
500014400 4096
500018496 4913
500023409 5832
500029241 6859
500036100 8000
500044100 9261
500053361 10648
500064009 12167
500076176 13824
500090000 15625
500105625 17576
500123201 19683
500142884 21952
500164836 24389
500189225 27000
500216225 29791
500246016 32768
500278784 35937
500314721 39304
500354025 42875
500396900 46656
500443556 50653
500494209 54872
500549081 59319
500608400 64000
500672400 68921
500741321 74088
500815409 79507
500894916 85184
500980100 91125
501071225 97336
501168561 103823
501272384 110592
501382976 117649
501500625 125000
501625625 132651
501758276 140608
501898884 148877
502047761 157464
502205225 166375
502371600 175616
502547216 185193
502732409 195112
502927521 205379
503132900 216000
503348900 226981
503575881 238328
503814209 250047
504064256 262144
504326400 274625
504601025 287496
504888521 300763
505189284 314432
505503716 328509
505832225 343000
506175225 357911
506533136 373248
506906384 389017
507295401 405224
507700625 421875
508122500 438976
508561476 456533
509018009 474552
509492561 493039
509985600 512000
510497600 531441
511029041 551368
511580409 571787
512152196 592704
512744900 614125
513359025 636056
513995081 658503
514653584 681472
515335056 704969
516040025 729000
516769025 753571
517522596 778688
518301284 804357
519105641 830584
519936225 857375
520793600 884736
521678336 912673
522591009 941192
523532201 970299
524502500 1000000
525502500 1030301
526532801 1061208
527594009 1092727
528686736 1124864
529811600 1157625
530969225 1191016
532160241 1225043
533385284 1259712
534644996 1295029
535940025 1331000
537271025 1367631
538638656 1404928
540043584 1442897
541486481 1481544
542968025 1520875
544488900 1560896
546049796 1601613
547651409 1643032
549294441 1685159
550979600 1728000
552707600 1771561
554479161 1815848
556295009 1860867
558155876 1906624
560062500 1953125
562015625 2000376
564016001 2048383
566064384 2097152
568161536 2146689
570308225 2197000
572505225 2248091
574753316 2299968
577053284 2352637
579405921 2406104
581812025 2460375
584272400 2515456
586787856 2571353
589359209 2628072
591987281 2685619
594672900 2744000
597416900 2803221
600220121 2863288
603083409 2924207
606007616 2985984
608993600 3048625
612042225 3112136
615154361 3176523
618330884 3241792
621572676 3307949
624880625 3375000
628255625 3442951
631698576 3511808
635210384 3581577
638791961 3652264
642444225 3723875
646168100 3796416
649964516 3869893
653834409 3944312
657778721 4019679
661798400 4096000
665894400 4173281
670067681 4251528
674319209 4330747
678649956 4410944
683060900 4492125
687553025 4574296
692127321 4657463
696784784 4741632
701526416 4826809
706353225 4913000
711266225 5000211
716266436 5088448
721354884 5177717
726532601 5268024
731800625 5359375
737160000 5451776
742611776 5545233
748157009 5639752
753796761 5735339
759532100 5832000
765364100 5929741
771293841 6028568
777322409 6128487
783450896 6229504
789680400 6331625
796012025 6434856
802446881 6539203
808986084 6644672
815630756 6751269
822382025 6859000
829241025 6967871
836208896 7077888
843286784 7189057
850475841 7301384
857777225 7414875
865192100 7529536
872721636 7645373
880367009 7762392
888129401 7880599
896010000 8000000
904010000 8120601
912130601 8242408
920373009 8365427
928738436 8489664
937228100 8615125
945843225 8741816
954585041 8869743
963454784 8998912
972453696 9129329
981583025 9261000
990844025 9155974
