1660
1 1
2 1
3 1
4 1
5 1
6 1
7 1
8 1
9 1
10 1
11 1
12 1
13 1
14 1
15 1
16 1
17 7
24 1
25 2
27 5
32 1
33 3
36 1
37 1
38 3
41 3
44 1
45 4
49 2
51 4
55 1
56 2
58 1
59 5
64 2
66 3
69 1
70 2
72 1
73 1
74 4
78 1
79 1
80 1
81 1
82 1
83 4
87 1
88 3
91 3
94 1
95 1
96 1
97 1
98 2
100 1
101 1
102 1
103 1
104 1
105 4
109 3
112 2
114 2
116 1
117 3
120 1
121 1
122 2
124 1
125 1
126 2
128 1
129 1
130 1
131 1
132 3
135 1
136 1
137 1
138 2
140 1
141 2
143 1
144 1
145 2
147 1
148 1
149 3
152 1
153 1
154 2
156 1
157 2
159 1
160 1
161 1
162 1
163 1
164 1
165 1
166 1
167 1
168 1
169 1
170 1
171 2
173 3
176 1
177 8
185 7
192 2
194 2
196 4
200 2
202 7
209 2
211 2
213 11
224 7
231 3
234 1
235 2
237 4
241 1
242 9
251 4
255 1
256 3
259 7
266 1
267 2
269 4
273 2
275 11
286 2
288 2
290 4
294 10
304 1
305 8
313 3
316 4
320 15
335 2
337 6
343 2
345 5
350 2
352 10
362 2
364 3
367 145
512 213
725 41
766 2
768 256
1024 352
1376 160
1536 352
1888 160
2048 512
2560 352
2912 160
3072 352
3424 367
3791 49
3840 256
4096 768
4864 768
5632 512
6144 512
6656 512
7168 512
7680 512
8192 1024
9216 352
9568 2048
11616 512
12128 160
12288 768
13056 768
13824 1536
15360 1024
16384 1024
17408 3072
20480 4096
24576 4096
28672 2560
31232 1536
32768 3072
35840 4864
40704 256
40960 4096
45056 1024
46080 3072
49152 8192
57344 4096
61440 12288
73728 4096
77824 16384
94208 35840
130048 768
130816 255
131071 6
131077 3
131080 5
131085 8
131093 13
131106 17
131123 4
131127 33
131160 1
131161 55
131216 88
131304 1
131305 144
131449 231
131680 2
131682 367
132049 10
132059 512
132571 98
132669 768
133437 213
133650 6
133656 1536
135192 59
135251 2
135253 2560
137813 24
137837 4096
141933 83
142016 2
142018 6656
148674 109
148783 9568
158351 1376
159727 2
159729 17408
177137 294
177431 9
177440 24576
202016 3840
205856 241
206097 46080
252177 288
252465 46080
298545 15360
313905 13056
326961 512
327473 17
327490 61440
388930 49152
438082 9568
447650 1024
448674 209
448883 61440
510323 20480
530803 73728
604531 40704
645235 66
645301 1
645302 77824
723126 94208
817334 32768
850102 1024
851126 269
851395 3
851398 46080
897478 288
897766 61440
959206 3840
963046 66
963112 25
963137 138
963275 101
963376 55
963431 49
963480 154
963634 74
963708 45
963753 80
963833 160
963993 55
964048 121
964169 27
964196 116
964312 70
964382 101
964483 145
964628 130
964758 98
964856 100
964956 116
965072 112
965184 1
965185 130
965315 156
965471 82
965553 51
965604 2
965606 149
965755 2
965757 153
965910 137
966047 126
966173 102
966275 81
966356 130
966486 83
966569 3
966572 58
966630 36
966666 141
966807 32
966839 140
966979 109
967088 112
967200 81
967281 152
967433 59
967492 70
967562 129
967691 74
967765 3
967768 152
967920 78
967998 38
968036 1
968037 79
968116 24
968140 41
968181 1
968182 82
968264 33
968297 1
968298 138
968436 51
968487 1
968488 82
968570 58
968628 33
968661 154
968815 1
968816 149
968965 87
969052 74
969126 2
969128 157
969285 147
969432 122
969554 112
969666 128
969794 49
969843 37
969880 79
969959 38
969997 44
970041 120
970161 25
970186 94
970280 131
970411 157
970568 1
970569 51
970620 103
970723 83
970806 1
970807 140
970947 137
971084 27
971111 4
971115 33
971148 2
971150 128
971278 121
971399 41
971440 91
971531 66
971597 136
971733 125
971858 25
971883 1
971884 59
971943 2
971945 120
972065 73
972138 100
972238 161
972399 44
972443 102
972545 56
972601 1
972602 117
972719 2
972721 74
972795 117
972912 32
972944 83
973027 102
973129 141
973270 1
973271 157
973428 141
973569 73
973642 87
973729 159
973888 159
974047 69
974116 45
974161 122
974283 132
974415 2
974417 109
974526 1
974527 79
974606 144
974750 79
974829 94
974923 132
975055 1
975056 41
975097 1
975098 91
975189 2
975191 38
975229 136
975365 130
975495 95
975590 25
975615 156
975771 32
975803 126
975929 1
975930 74
976004 1
976005 125
976130 138
976268 124
976392 56
976448 45
976493 3
976496 153
976649 66
976715 121
976836 100
976936 69
977005 45
977050 45
977095 1
977096 153
977249 114
977363 102
977465 112
977577 117
977694 2
977696 78
977774 141
977915 45
977960 136
978096 36
978132 143
978275 161
978436 126
978562 38
978600 73
978673 97
978770 79
978849 59
978908 1
978909 136
979045 59
979104 4
979108 124
979232 44
979276 49
979325 116
979441 38
979479 58
979537 149
979686 1
979687 116
979803 41
979844 2
979846 137
979983 143
980126 83
980209 59
980268 152
980420 128
980548 88
980636 144
980780 24
980804 103
980907 135
981042 94
981136 141
981277 83
981360 3
981363 64
981427 109
981536 2
981538 32
981570 41
981611 144
981755 73
981828 143
981971 125
982096 51
982147 2
982149 1
982150 2
982152 5
982157 2
982159 2
982161 645235
1627396 51
1627447 1
1627448 327490
1954938 9216
1964154 140
1964294 298545
2262839 9568
2272407 337
2272744 5
2272749 4
2272753 3
2272756 1
2272757 1
2272758 723126
2995884 4096
2999980 196
3000176 1
3000177 104
3000281 117
3000398 313
3000711 1
3000712 234
3000946 157
3001103 213
3001316 7
3001323 290
3001613 152
3001765 352
3002117 2
3002119 267
3002386 320
3002706 6
3002712 350
3003062 350
3003412 255
3003667 241
3003908 200
3004108 1
3004109 320
3004429 8
3004437 275
3004712 3
3004715 234
3004949 352
3005301 3
3005304 109
3005413 364
3005777 177
3005954 3
3005957 352
3006309 124
3006433 102
3006535 114
3006649 294
3006943 7
3006950 343
3007293 1
3007294 367
3007661 2
3007663 350
3008013 1
3008014 269
3008283 352
3008635 9
3008644 88
3008732 1
3008733 345
3009078 4
3009082 91
3009173 224
3009397 3
3009400 141
3009541 1
3009542 213
3009755 10
3009765 213
3009978 6
3009984 316
3010300 3
3010303 213
3010516 9
3010525 350
3010875 202
3011077 4
3011081 154
3011235 1
3011236 275
3011511 7
3011518 275
3011793 10
3011803 132
3011935 136
3012071 367
3012438 9
3012447 128
3012575 242
3012817 1
3012818 202
3013020 5
3013025 337
3013362 1
3013363 120
3013483 290
3013773 1
3013774 234
3014008 286
3014294 251
3014545 3
3014548 320
3014868 8
3014876 251
3015127 352
3015479 1
3015480 176
3015656 305
3015961 6
3015967 269
3016236 275
3016511 10
3016521 288
3016809 1
3016810 305
3017115 1
3017116 138
3017254 367
3017621 1
3017622 367
3017989 2
3017991 140
3018131 290
3018421 3
3018424 275
3018699 1
3018700 231
3018931 256
3019187 95
3019282 149
3019431 153
3019584 159
3019743 304
3020047 126
3020173 242
3020415 2
3020417 185
3020602 213
3020815 1
3020816 237
3021053 337
3021390 2
3021392 364
3021756 97
3021853 275
3022128 9
3022137 335
3022472 202
3022674 5
3022679 275
3022954 3
3022957 213
3023170 267
3023437 160
3023597 171
3023768 1
3023769 200
3023969 1
3023970 275
3024245 194
3024439 286
3024725 156
3024881 145
3025026 288
3025314 224
3025538 2
3025540 211
3025751 337
3026088 4
3026092 294
3026386 149
3026535 202
3026737 2
3026739 352
3027091 7
3027098 192
3027290 275
3027565 9
3027574 132
3027706 153
3027859 337
3028196 4
3028200 290
3028490 345
3028835 132
3028967 1
3028968 194
3029162 251
3029413 364
3029777 304
3030081 143
3030224 337
3030561 3
3030564 91
3030655 1
3030656 114
3030770 345
3031115 4
3031119 185
3031304 2
3031306 316
3031622 1
3031623 129
3031752 313
3032065 269
3032334 2
3032336 200
3032536 126
3032662 367
3033029 255
3033284 269
3033553 269
3033822 2
3033824 103
3033927 304
3034231 242
3034473 173
3034646 294
3034940 8
3034948 96
3035044 288
3035332 224
3035556 4
3035560 259
3035819 1
3035820 290
3036110 185
3036295 3
3036298 320
3036618 4
3036622 316
3036938 98
3037036 242
3037278 2
3037280 259
3037539 5
3037544 241
3037785 237
3038022 256
3038278 148
3038426 213
3038639 5
3038644 337
3038981 5
3038986 148
3039134 343
3039477 266
3039743 145
3039888 1
3039889 126
3040015 1
3040016 294
3040310 4
3040314 275
3040589 231
3040820 91
3040911 157
3041068 1
3041069 305
3041374 3
3041377 269
3041646 1
3041647 104
3041751 170
3041921 273
3042194 1
3042195 105
3042300 3
3042303 345
3042648 2
3042650 164
3042814 94
3042908 313
3043221 305
3043526 1
3043527 211
3043738 1
3043739 286
3044025 177
3044202 266
3044468 173
3044641 132
3044773 194
3044967 275
3045242 194
3045436 269
3045705 3
3045708 147
3045855 294
3046149 4
3046153 109
3046262 275
3046537 4
3046541 294
3046835 8
3046843 367
3047210 124
3047334 645301
3692635 327490
4020125 9216
4029341 140
4029481 982147
5011628 1
5011629 2
5011631 982096
5993727 45
5993772 3
5993775 982147
6975922 982147
7958069 1
7958070 982157
8940227 1
8940228 8940228
17880456 17880456
35760912 35760912
71521824 71521824
143043648 143043648
286087296 143043648
429130944 35760912
464891856 17880456
482772312 8940228
491712540 7958070
499670610 327490
499998100 1888
499999988 13
500000001 8
500000009 27
500000036 64
500000100 125
500000225 213
500000438 3
500000441 343
500000784 512
500001296 725
500002021 4
500002025 768
500002793 231
500003024 1
500003025 1024
500004049 305
500004354 2
500004356 1536
500005892 192
500006084 2048
500008132 149
500008281 2560
500010841 177
500011018 7
500011025 3072
500014097 294
500014391 9
500014400 4096
500018496 4864
500023360 49
500023409 5632
500029041 200
500029241 6656
500035897 202
500036099 1
500036100 7680
500043780 320
500044100 9216
500053316 45
500053361 9568
500062929 1024
500063953 56
500064009 12128
500076137 38
500076175 1
500076176 13824
500090000 15360
500105360 259
500105619 6
500105625 17408
500123033 168
500123201 17408
500140609 2048
500142657 224
500142881 3
500142884 20480
500163364 1376
500164740 96
500164836 20480
500185316 3840
500189156 69
500189225 24576
500213801 2048
500215849 367
500216216 9
500216225 28672
500244897 1024
500245921 95
500246016 32768
500278784 35840
500314624 97
500314721 35840
500350561 3424
500353985 38
500354023 2
500354025 40960
500394985 1888
500396873 27
500396900 46080
500442980 512
500443492 64
500443556 49152
500492708 1376
500494084 125
500494209 49152
500543361 5632
500548993 88
500549081 57344
500606425 1888
500608313 87
500608400 61440
500669840 2560
500672400 61440
500733840 7168
500741008 313
500741321 73728
500815049 352
500815401 8
500815409 77824
500893233 1536
500894769 147
500894916 77824
500972740 7168
500979908 192
500980100 77824
501057924 13056
501070980 242
501071222 3
501071225 94208
501165433 3072
501168505 56
501168561 94208
501262769 9568
501272337 45
501272382 2
501272384 94208
501366592 16384
501382976 94208
501477184 20480
501497664 2912
501500576 49
501500625 94208
501594833 28672
501623505 2048
501625553 72
501625625 132571
501758196 80
501758276 137837
501896113 2560
501898673 211
501898884 148783
502047667 94
502047761 148783
502196544 8192
502204736 367
502205103 122
502205225 159729
502364954 6144
502371098 367
502371465 135
502371600 159729
502531329 15360
502546689 512
502547201 15
502547216 177440
502724656 7680
502732336 73
502732409 177440
502909849 17408
502927257 259
502927516 5
502927521 202016
503129537 3072
503132609 290
503132899 1
503132900 206097
503338997 9568
503348565 335
503348900 206097
503554997 20480
503575477 367
503575844 37
503575881 206097
503781978 31232
503813210 768
503813978 231
503814209 206097
504020306 40960
504061266 2912
504064178 78
504064256 252465
504316721 9568
504326289 109
504326398 2
504326400 252465
504578865 20480
504599345 1536
504600881 144
504601025 252465
504853490 32768
504886258 2048
504888306 213
504888519 2
504888521 298545
505187066 2048
505189114 170
505189284 313905
505503189 512
505503701 15
505503716 327490
505831206 768
505831974 251
505832225 327490
506159715 15360
506175075 149
506175224 1
506175225 327490
506502715 28672
506531387 1536
506532923 213
506533136 327490
506860626 45056
506905682 512
506906194 185
506906379 5
506906384 388930
507295314 87
507295401 388930
507684331 15360
507699691 768
507700459 166
507700625 388930
508089555 32768
508122323 177
508122500 438082
508560582 768
508561350 126
508561476 448883
509010359 7168
509017527 367
509017894 114
509018008 1
509018009 448883
509466892 24576
509491468 1024
509492492 69
509492561 448883
509941444 40960
509982404 3072
509985476 124
509985600 510323
510495923 1536
510497459 141
510497600 530803
511028403 512
511028915 126
511029041 530803
511559844 20480
511580324 83
511580407 2
511580409 530803
512111212 40960
512152172 24
512152196 530803
512682999 61440
512744439 367
512744806 94
512744900 604531
513349431 9568
513358999 25
513359024 1
513359025 604531
513963556 31232
513994788 290
513995078 3
513995081 645302
514640383 13056
514653439 145
514653584 645302
515298886 35840
515334726 320
515335046 10
515335056 645302
515980358 57344
516037702 2048
516039750 275
516040025 723126
516763151 5632
516768783 242
516769025 723126
517492151 28672
517520823 1536
517522359 237
517522596 723126
518245722 49152
518294874 6144
518301018 266
518301284 723126
519024410 77824
519102234 3072
519105306 335
519105641 817334
519922975 13056
519936031 194
519936225 851398
520787623 5632
520793255 345
520793600 851398
521644998 32768
521677766 512
521678278 58
521678336 897766
522576102 13824
522589926 1024
522590950 59
522591009 897766
523488775 40960
523529735 2048
523531783 367
523532150 51
523532201 970280
524502481 17
524502498 2
524502500 982161
525484661 17408
525502069 367
525502436 64
525502500 982161
526484661 46080
526530741 2048
526532789 12
526532801 982161
527514962 77824
527592786 1024
527593810 196
527594006 3
527594009 982161
528576170 94208
528670378 15360
528685738 768
528686506 224
528686730 6
528686736 982161
529668897 142018
529810915 512
529811427 173
529811600 982161
530793761 159729
530953490 15360
530968850 367
530969217 8
530969225 982161
531951386 206097
532157483 2560
532160043 196
532160239 2
532160241 982161
533142402 206097
533348499 35840
533384339 768
533385107 177
533385284 982161
534367445 252465
534619910 24576
534644486 367
534644853 143
534644996 982161
535627157 298545
535925702 13824
535939526 367
535939893 132
535940025 982161
536922186 327490
537249676 20480
537270156 768
537270924 101
537271025 982161
538253186 327490
538580676 57344
538638020 512
538638532 124
538638656 982161
539620817 388930
540009747 32768
540042515 1024
540043539 45
540043584 982161
541025745 448883
541474628 11616
541486244 237
541486481 982161
542468642 448883
542917525 49152
542966677 1024
542967701 320
542968021 4
542968025 982161
543950186 530803
544480989 7680
544488669 231
544488900 982161
545471061 530803
546001864 46080
546047944 1536
546049480 316
546049796 982161
547031957 604531
547636488 13824
547650312 1024
547651336 73
547651409 1627448
549278857 15360
549294217 224
549294441 1627448
550921889 57344
550979233 367
550979600 1627448
552607048 94208
552701256 6144
552707400 200
552707600 1627448
554335048 142018
554477066 2048
554479114 45
554479159 2
554479161 1627448
556106609 177440
556284049 9568
556293617 1376
556294993 16
556295009 1627448
557922457 206097
558128554 24576
558153130 2560
558155690 185
558155875 1
558155876 1627448
559783324 252465
560035789 24576
560060365 2048
560062413 87
560062500 1627448
561689948 313905
562003853 11616
562015469 156
562015625 1964294
563979919 35840
564015759 242
564016001 1964294
565980295 77824
566058119 6144
566064263 121
566064384 1964294
568028678 132669
568161347 185
568161532 4
568161536 1964294
570125830 177440
570303270 4864
570308134 91
570308225 1964294
572272519 206097
572478616 24576
572503192 1888
572505080 145
572505225 1964294
574469519 252465
574721984 31232
574753216 100
574753316 2272758
577026074 24576
577050650 2560
577053210 74
577053284 2272758
579326042 77824
579403866 2048
579405914 7
579405921 2272758
581678679 132669
581811348 512
581811860 165
581812025 2272758
584084783 177440
584262223 9568
584271791 512
584272303 97
584272400 2272758
586545158 206097
586751255 35840
586787095 725
586787820 36
586787856 2272758
589060614 298545
589359159 49
589359208 1
589359209 2272758
591631967 327490
591959457 24576
591984033 3072
591987105 176
591987281 2272758
594260039 388930
594648969 20480
594669449 3424
594672873 27
594672900 2272758
596945658 448883
597394541 20480
597415021 1536
597416557 343
597416900 2272758
599689658 510323
600199981 17408
600217389 2560
600219949 171
600220120 1
600220121 2272758
602492879 530803
603023682 57344
603081026 2048
603083074 335
603083409 2272758
605356167 645302
606001469 6144
606007613 3
606007616 2272758
608280374 645302
608925676 61440
608987116 6144
608993260 337
608993597 3
608993600 3047334
612040934 1024
612041958 267
612042225 3047334
615089559 61440
615150999 3072
615154071 290
615154361 3047334
618201695 94208
618295903 32768
618328671 2048
618330719 165
618330884 3047334
621378218 177440
621555658 16384
621572042 512
621572554 122
621572676 3047334
624620010 252465
624872475 7680
624880155 367
624880522 103
624880625 3047334
627927959 327490
628255449 176
628255625 3047334
631302959 388930
631691889 6656
631698545 27
631698572 4
631698576 3047334
634745910 448883
635194793 15360
635210153 231
635210384 3047334
638257718 530803
638788521 3424
638791945 16
638791961 3047334
641839295 604531
642443826 367
642444193 32
642444225 3692635
646136860 31232
646168092 8
646168100 3692635
649860735 94208
649954943 9568
649964511 5
649964516 3692635
653657151 177137
653834288 121
653834409 3692635
657527044 206097
657733141 45056
657778197 512
657778709 12
657778721 3692635
661471356 326961
661798317 83
661798400 4029481
665827881 61440
665889321 4864
665894185 213
665894398 2
665894400 4029481
669923881 142018
670065899 1536
670067435 242
670067677 4
670067681 4029481
674097162 206097
674303259 15360
674318619 512
674319131 78
674319209 4029481
678348690 298545
678647235 2560
678649795 161
678649956 4029481
682679437 327490
683006927 49152
683056079 4096
683060175 725
683060900 4029481
687090381 448883
687539264 13056
687552320 512
687552832 192
687553024 1
687553025 4029481
691582506 530803
692113309 13824
692127133 185
692127318 3
692127321 4029481
696156802 604531
696761333 20480
696781813 2912
696784725 59
696784784 4029481
700814265 645302
701459567 61440
701521007 4864
701525871 512
701526383 33
701526416 4029481
705555897 723126
706279023 73728
706352751 367
706353118 105
706353223 2
706353225 4029481
710382706 851398
711234104 31232
711265336 768
711266104 121
711266225 4029481
715295706 970723
716266429 7
716266436 5011631
721278067 73728
721351795 3072
721354867 17
721354884 5011631
726366515 159729
726526244 6144
726532388 213
726532601 5011631
731544232 252465
731796697 3840
731800537 88
731800625 5011631
736812256 327490
737139746 17408
737157154 2560
737159714 286
737160000 5011631
742171631 438082
742609713 2048
742611761 15
742611776 5011631
747623407 530803
748154210 2560
748156770 237
748157007 2
748157009 5011631
753168640 604531
753773171 20480
753793651 3072
753796723 38
753796761 5011631
758808392 723126
759531518 512
759532030 70
759532100 5011631
764543731 817334
765361065 2912
765363977 122
765364099 1
765364100 5011631
770375731 897766
771273497 17408
771290905 2912
771293817 24
771293841 5993775
777287616 32768
777320384 1888
777322272 137
777322409 5993775
783316184 133656
783449840 1024
783450864 32
783450896 5993775
789444671 206097
789650768 28672
789679440 768
789680208 192
789680400 5993775
795674175 327490
796001665 9568
796011233 768
796012001 24
796012025 5993775
802005800 438082
802443882 2912
802446794 87
802446881 5993775
808440656 530803
808971459 13824
808985283 768
808986051 33
808986084 5993775
814979859 645302
815625161 4864
815630025 725
815630750 6
815630756 5993775
821624531 723126
822347657 32768
822380425 1536
822381961 64
822382025 5993775
828375800 851398
829227198 13824
829241022 3
829241025 5993775
835234800 974047
836208847 49
836208896 6975922
843184818 94208
843279026 7680
843286706 78
843286784 6975922
850262706 206097
850468803 6656
850475459 367
850475826 15
850475841 6975922
857451763 313905
857765668 9568
857775236 1888
857777124 101
857777225 6975922
864753147 438082
865191229 768
865191997 103
865192100 6975922
872168022 530803
872698825 20480
872719305 2048
872721353 275
872721628 8
872721636 6975922
879697558 645302
880342860 20480
880363340 3424
880366764 242
880367006 3
880367009 6975922
887342931 723126
888066057 61440
888127497 1888
888129385 16
888129401 6975922
895105323 897766
896003089 6656
896009745 255
896010000 7958070
903968070 40960
904009030 768
904009798 202
904010000 7958070
911968070 159729
912127799 2560
912130359 242
912130601 7958070
920088671 252465
920341136 31232
920372368 512
920372880 129
920373009 7958070
928331079 388930
928720009 17408
928737417 768
928738185 251
928738436 7958070
936696506 530803
937227309 768
937228077 17
937228094 6
937228100 7958070
945186170 645302
945831472 11616
945843088 137
945843225 7958070
953801295 723126
954524421 57344
954581765 3072
954584837 202
954585039 2
954585041 7958070
962543111 897766
963440877 13824
963454701 83
963454784 8940228
972395012 57344
972452356 1024
972453380 316
972453696 8940228
981393924 177440
981571364 11616
981582980 45
981583025 8940228
990523253 313905
990837158 6656
990843814 211
990844025 8940228
999784253 206097
999990350 9568
999999918 81
