4576
1 1
2 2
4 4
8 8
16 16
32 32
64 64
128 128
256 256
512 512
1024 1024
2048 2048
4096 4096
8192 8192
16384 16384
32768 32768
65536 32768
98304 16384
114688 8192
122880 4096
126976 2048
129024 1024
130048 512
130560 256
130816 128
130944 64
131008 32
131040 16
131056 8
131064 4
131068 2
131070 1
65536 65536
131072 4
131076 1
131072 8
131080 4
131084 1
131072 16
131088 4
131092 1
131072 32
131104 2
131072 32
131104 16
131120 4
131124 2
131126 1
131072 64
131136 16
131152 8
131160 1
131072 128
131200 16
131072 128
131200 64
131264 32
131296 8
131304 1
131072 256
131328 64
131392 32
131424 16
131440 8
131448 1
131072 512
131584 64
131648 32
131680 2
131072 512
131584 256
131840 128
131968 64
132032 16
132048 8
132056 2
132058 1
131072 1024
132096 512
132608 32
132640 16
132656 8
132664 4
132668 1
131072 2048
133120 512
133632 16
133648 8
131072 4096
135168 64
135232 16
135248 4
135252 1
131072 4096
135168 2048
137216 512
137728 64
137792 32
137824 8
137832 4
137836 1
131072 8192
139264 2048
141312 512
141824 128
141952 64
142016 2
131072 16384
147456 1024
148480 256
148736 32
148768 8
148776 4
148780 2
148782 1
131072 16384
147456 8192
155648 2048
157696 1024
158720 512
159232 256
159488 128
159616 64
159680 32
159712 16
159728 1
131072 32768
163840 8192
172032 4096
176128 1024
177152 256
177408 32
131072 65536
196608 8192
204800 1024
205824 256
206080 16
206096 1
131072 114688
245760 4096
249856 2048
251904 512
252416 32
252448 16
252464 1
131072 131072
262144 32768
294912 16384
311296 8192
319488 4096
323584 2048
325632 1024
326656 512
327168 256
327424 64
327488 2
262144 177440
439584 8192
447776 1024
448800 64
448864 16
448880 2
448882 1
262144 262144
524288 114688
638976 4096
643072 2048
645120 128
645248 32
645280 16
645296 4
645300 1
524288 327490
851778 98304
950082 8192
958274 4096
962370 512
962882 128
963010 64
963074 32
963106 4
963110 2
524288 327490
851778 98304
950082 8192
958274 4096
962370 512
962882 128
963010 64
963074 32
963106 16
963122 8
963130 4
963134 2
963136 1
524288 327490
262144 32768
294912 16384
311296 8192
319488 4096
323584 2048
325632 1024
326656 512
327168 256
327424 64
327488 2
851778 98304
262144 131072
393216 16384
409600 8192
417792 4096
421888 2048
423936 1024
424960 512
425472 256
425728 64
425792 2
950082 8192
958274 4096
962370 512
962882 256
963138 128
963266 8
963274 1
524288 425794
950082 8192
958274 4096
962370 512
962882 256
963138 128
963266 64
963330 32
963362 8
963370 4
963374 2
524288 425794
950082 8192
958274 4096
962370 1024
963394 32
963426 4
963430 1
524288 425794
950082 8192
262144 131072
393216 32768
425984 4096
430080 2048
432128 1024
433152 512
433664 256
433920 64
433984 2
958274 4096
8192 4096
262144 131072
393216 32768
425984 8192
434176 2048
436224 1024
437248 512
437760 256
438016 64
438080 2
962370 1024
963394 64
963458 16
963474 4
963478 2
524288 438082
962370 1024
963394 128
963522 64
963586 32
963618 16
524288 438082
962370 1024
963394 256
963650 32
963682 16
963698 8
963706 2
524288 438082
962370 1024
963394 256
963650 64
963714 32
963746 4
963750 2
963752 1
524288 438082
962370 1024
262144 131072
393216 32768
425984 8192
434176 4096
438272 512
438784 256
439040 64
439104 2
963394 256
963650 128
963778 32
963810 16
963826 4
963830 2
963832 1
524288 439584
963872 64
963936 32
963968 16
963984 8
963992 1
524288 439584
963872 128
964000 32
964032 16
524288 439584
262144 131072
393216 32768
425984 8192
434176 4096
438272 1024
439296 256
439552 32
963872 256
964128 32
964160 8
964168 1
524288 439584
963872 256
964128 64
964192 4
524288 439584
963872 256
964128 128
964256 32
964288 16
964304 8
524288 439584
963872 256
964128 128
964256 64
964320 32
964352 16
964368 8
964376 4
964380 2
524288 439584
963872 512
964384 64
964448 32
964480 2
964482 1
524288 439584
963872 512
964384 128
964512 64
964576 32
964608 16
964624 4
524288 439584
963872 512
964384 256
964640 64
964704 32
964736 16
964752 4
964756 2
524288 439584
963872 512
964384 256
964640 128
964768 64
964832 16
964848 8
524288 439584
963872 1024
964896 32
964928 16
964944 8
964952 4
524288 439584
963872 1024
964896 128
965024 32
965056 16
524288 439584
963872 1024
964896 256
965152 32
965184 1
524288 439584
963872 1024
964896 256
965152 128
965280 32
965312 2
965314 1
524288 439584
963872 1024
964896 512
965408 32
965440 16
965456 8
965464 4
965468 2
965470 1
524288 439584
963872 1024
262144 131072
393216 32768
425984 8192
434176 4096
438272 2048
440320 256
440576 32
964896 512
965408 128
965536 16
965552 1
524288 440608
964896 512
965408 128
965536 64
965600 4
965604 2
524288 440608
964896 512
965408 256
965664 64
965728 16
965744 8
965752 4
965756 1
524288 440608
964896 512
965408 256
512 256
965664 128
965792 64
965856 32
965888 16
965904 4
965908 2
524288 440608
964896 1024
965920 64
965984 32
966016 16
966032 8
966040 4
966044 2
966046 1
524288 440608
964896 1024
965920 128
966048 64
966112 32
966144 16
966160 8
966168 4
966172 1
524288 440608
964896 1024
965920 256
1024 256
966176 64
966240 32
966272 2
966274 1
524288 440608
964896 1280
966176 128
966304 32
966336 16
966352 4
524288 440608
964896 1280
966176 256
966432 32
966464 16
966480 4
966484 2
524288 440608
964896 1280
262144 131072
393216 32768
425984 8192
434176 4096
438272 2048
440320 1024
441344 512
441856 32
966176 256
966432 128
966560 8
966568 4
524288 441888
966176 256
966432 128
966560 64
966624 4
966628 2
524288 441888
966176 256
966432 128
966560 64
966624 32
966656 8
966664 2
524288 441888
966176 512
966688 64
966752 32
966784 16
966800 4
966804 2
966806 1
524288 441888
966176 512
966688 128
966816 16
966832 4
966836 2
966838 1
524288 441888
966176 768
966944 32
966976 2
966978 1
524288 441888
966176 768
966944 128
967072 16
524288 441888
966176 1024
524288 441888
966176 1024
967200 64
967264 16
967280 1
524288 441888
966176 1024
967200 128
967328 64
967392 32
967424 8
967432 1
524288 441888
966176 1280
967456 32
967488 4
524288 441888
966176 1280
967456 64
967520 32
967552 8
967560 2
524288 441888
966176 1280
262144 131072
393216 32768
425984 16384
442368 512
442880 256
443136 32
967456 128
967584 64
967648 32
967680 8
967688 2
967690 1
524288 443168
967456 256
967712 32
967744 16
967760 8
524288 443168
967456 256
967712 128
256 128
967840 64
967904 16
524288 443168
967456 512
967968 16
967984 8
967992 4
967996 2
524288 443168
967456 512
967968 64
968032 4
968036 1
524288 443168
967456 512
967968 128
968096 16
968112 4
524288 443168
967456 512
967968 128
968096 32
968128 8
968136 4
524288 443168
967456 512
967968 128
512 128
968096 64
968160 16
968176 4
968180 2
524288 443168
967456 768
968224 32
968256 8
524288 443168
967456 768
968224 64
968288 8
968296 2
524288 443168
967456 768
262144 131072
393216 32768
425984 16384
442368 1024
443392 512
443904 32
968224 128
968352 64
968416 16
968432 4
524288 443936
968224 256
968480 8
524288 443936
968224 256
968480 64
968544 16
968560 8
968568 2
524288 443936
968224 384
968608 16
968624 4
524288 443936
968224 384
968608 32
968640 16
968656 4
968660 1
524288 443936
968224 512
968736 64
512 64
968800 16
524288 443936
968224 640
968864 64
968928 32
968960 4
968964 1
524288 443936
968224 768
968992 32
969024 16
969040 8
969048 4
524288 443936
968224 768
968992 128
969120 8
524288 443936
968224 1024
969248 32
969280 4
969284 1
524288 443936
968224 1024
969248 128
969376 32
969408 16
969424 8
524288 443936
968224 1280
969504 32
969536 16
969552 2
524288 443936
968224 1280
969504 128
969632 32
969664 2
524288 443936
968224 1280
262144 131072
393216 32768
425984 16384
442368 2048
444416 512
444928 256
445184 32
969504 256
969760 32
969792 2
524288 445216
969504 256
969760 64
969824 16
969840 2
969842 1
524288 445216
969504 256
969760 64
256 64
969824 32
969856 16
969872 8
524288 445216
969504 384
969888 64
969952 4
969956 2
969958 1
524288 445216
969504 384
969888 64
969952 32
969984 8
969992 4
969996 1
524288 445216
969504 512
970016 16
970032 8
970040 1
524288 445216
969504 640
970144 16
970160 1
524288 445216
969504 640
970144 32
970176 8
970184 2
524288 445216
969504 768
970272 8
524288 445216
969504 768
970272 128
970400 8
970408 2
970410 1
524288 445216
969504 1024
970528 32
970560 8
970568 1
524288 445216
969504 1024
970528 64
970592 16
970608 8
970616 4
524288 445216
969504 1024
970528 128
1024 128
970656 64
970720 2
970722 1
524288 445216
969504 1280
970784 16
970800 4
970804 2
970806 1
524288 445216
969504 1280
970784 128
970912 32
970944 2
970946 1
524288 445216
969504 1280
262144 131072
393216 32768
425984 16384
442368 4096
446464 32
970784 256
971040 32
971072 8
971080 4
524288 446496
970784 320
971104 8
971112 2
971114 1
524288 446496
970784 320
971104 32
971136 8
971144 4
971148 2
524288 446496
970784 384
971168 64
971232 32
971264 8
971272 4
971276 2
524288 446496
970784 576
971360 32
971392 4
971396 2
971398 1
524288 446496
970784 640
971424 16
524288 446496
970784 640
971424 64
971488 32
64 32
971520 8
971528 2
971530 1
524288 446496
970784 768
971552 32
971584 8
971592 4
971596 1
524288 446496
970784 768
971552 128
971680 32
971712 16
971728 4
971732 1
524288 446496
970784 1024
971808 32
971840 16
971856 2
524288 446496
970784 1024
971808 64
971872 8
971880 4
524288 446496
970784 1152
971936 8
971944 1
524288 447776
972064 1
524288 447776
972064 64
972128 8
972136 2
524288 447776
262144 131072
393216 32768
425984 16384
442368 4096
446464 1024
447488 256
447744 32
972064 128
972192 32
128 32
972224 8
972232 4
972236 2
524288 447776
972064 320
972384 8
972392 4
972396 2
972398 1
524288 447776
972064 320
972384 32
972416 16
32 16
972432 8
972440 2
972442 1
524288 447776
972064 384
972448 96
972544 1
524288 447776
972064 512
972576 16
972592 8
972600 2
524288 447776
972064 640
972704 16
972720 1
524288 447776
972064 640
972704 64
972768 16
972784 8
972792 2
972794 1
524288 447776
972064 768
972832 64
972896 16
524288 447776
972064 768
972832 96
972928 16
524288 447776
972064 768
262144 131072
393216 32768
425984 16384
442368 4096
446464 2048
448512 32
972832 160
972992 32
973024 2
973026 1
524288 448800
973088 32
973120 8
973128 1
524288 448883
973171 96
973267 4
524288 448883
973171 256
973427 1
524288 448883
262144 131072
393216 32768
425984 16384
442368 4096
446464 2048
448512 256
448768 64
448832 32
448864 16
448880 2
448882 1
973171 384
973555 8
973563 4
973567 2
524288 448883
973171 384
973555 64
973619 16
973635 4
973639 2
973641 1
524288 448883
973171 512
973683 32
973715 8
973723 4
973727 2
524288 448883
973171 640
973811 64
973875 8
973883 4
973887 1
524288 448883
973171 768
973939 96
974035 8
974043 4
524288 448883
973171 768
973939 160
974099 16
974115 1
524288 448883
973171 768
262144 131072
393216 32768
425984 16384
442368 4096
446464 2048
448512 1024
449536 64
449600 32
449632 16
449648 2
449650 1
973939 160
974099 48
974147 8
974155 4
8 4
974159 2
524288 449651
973939 320
974259 16
974275 8
524288 449651
973939 384
974323 64
974387 16
64 16
974403 12
974415 2
524288 449651
973939 576
974515 12
524288 449651
973939 640
974579 16
974595 8
974603 2
974605 1
524288 449651
973939 768
974707 32
974739 8
32 8
974747 2
974749 1
524288 449651
973939 768
974707 96
974803 16
974819 8
974827 2
524288 449651
973939 768
262144 131072
393216 32768
425984 16384
442368 4096
446464 2048
448512 1024
449536 512
450048 256
450304 64
450368 32
450400 16
450416 2
450418 1
974707 160
974867 48
974915 8
524288 450419
974707 320
975027 16
975043 12
975055 1
524288 450419
974707 384
975091 4
975095 2
975097 1
524288 450419
974707 384
975091 96
975187 4
524288 450419
974707 512
975219 8
975227 2
524288 450419
974707 640
975347 16
975363 2
524288 450419
974707 768
975475 16
975491 4
524288 450419
974707 768
975475 96
975571 16
975587 2
975589 1
524288 450419
974707 768
262144 131072
393216 32768
425984 16384
442368 8192
450560 512
451072 64
451136 32
451168 16
451184 2
451186 1
975475 128
975603 12
524288 451187
975475 256
975731 40
524288 451187
975475 320
975795 8
524288 451187
975475 384
975859 64
975923 4
975927 2
975929 1
524288 451187
975475 512
975987 16
976003 2
524288 451187
975475 640
976115 12
976127 2
976129 1
524288 451187
975475 768
976243 16
976259 8
976267 1
524288 451187
975475 768
976243 128
976371 16
976387 4
976391 1
524288 451187
975475 768
262144 131072
393216 32768
425984 16384
442368 8192
450560 1024
451584 256
451840 64
451904 32
451936 16
451952 2
451954 1
976243 160
976403 40
976443 4
976447 1
524288 451955
976243 160
976403 80
976483 12
976495 1
524288 451955
976243 384
976627 16
976643 4
16 4
976647 2
524288 451955
976243 384
976627 80
976707 8
524288 451955
976243 576
976819 16
976835 1
524288 451955
976243 640
976883 48
976931 4
976935 1
524288 451955
976243 640
976883 96
976979 20
976999 4
977003 2
524288 451955
976243 768
977011 32
977043 4
977047 2
977049 1
524288 451955
976243 768
977011 80
977091 4
977095 1
524288 451955
976243 768
262144 131072
393216 32768
425984 16384
442368 8192
450560 2048
452608 64
452672 32
452704 16
452720 2
452722 1
977011 160
977171 64
977235 12
977247 2
524288 452723
977011 320
977331 32
524288 452723
977011 384
977395 64
977459 4
977463 2
524288 452723
977011 512
977523 48
977571 4
977575 2
524288 452723
977011 640
977651 40
977691 4
977695 1
4 1
524288 452723
977011 640
977651 96
977747 20
977767 5
977772 2
524288 452723
977011 768
977779 128
977907 8
524288 452723
977011 768
977779 160
977939 20
977959 1
524288 452723
977011 1024
978035 48
978083 12
978095 1
524288 452723
977011 1024
978035 96
978131 1
524288 452723
977011 1152
978163 96
978259 16
524288 452723
977011 1280
978291 128
978419 16
978435 1
524288 452723
977011 1280
978291 256
978547 12
978559 2
978561 1
524288 452723
977011 1280
262144 131072
393216 32768
425984 16384
442368 8192
450560 2048
452608 1024
453632 256
453888 64
453952 32
453984 16
454000 2
454002 1
978291 256
978547 48
978595 5
524288 454003
978291 320
978611 48
978659 12
978671 2
524288 454003
978291 384
978675 80
978755 12
978767 2
978769 1
524288 454003
978291 512
978803 40
978843 5
978848 1
524288 454003
978291 576
978867 40
978907 2
524288 454003
978291 640
978931 96
979027 16
979043 2
524288 454003
978291 768
979059 48
979107 1
524288 454003
978291 768
979059 160
979219 12
979231 1
524288 454003
978291 768
262144 131072
393216 32768
425984 16384
442368 8192
450560 4096
454656 64
454720 32
454752 16
454768 2
454770 1
979059 160
979219 48
979267 8
979275 1
524288 454771
979059 256
979315 8
979323 2
524288 454771
979059 320
979379 48
979427 12
979439 2
524288 454771
979059 384
979443 32
979475 4
524288 454771
979059 384
979443 80
979523 12
979535 2
524288 454771
979059 576
979635 48
979683 4
524288 454771
979059 640
979699 96
979795 8
524288 454771
979059 768
979827 16
979843 2
979845 1
524288 454771
979059 768
979827 128
979955 20
979975 8
524288 454771
979059 1024
980083 40
980123 2
980125 1
524288 454771
979059 1024
980083 96
980179 20
980199 8
980207 2
524288 454771
979059 1152
980211 48
980259 8
980267 1
524288 454771
979059 1280
980339 80
980419 1
524288 454771
979059 1280
980339 160
980499 48
980547 1
524288 454771
979059 1280
262144 131072
393216 32768
425984 16384
442368 8192
450560 4096
454656 1024
455680 256
455936 64
456000 32
456032 16
456048 2
456050 1
980339 256
980595 40
980635 1
524288 456051
980339 384
980723 48
980771 8
980779 1
524288 456051
980339 384
980723 80
980803 1
524288 456051
980339 512
980851 48
980899 8
524288 456051
980339 640
980979 48
981027 12
981039 2
981041 1
524288 456051
980339 768
981107 20
981127 8
981135 1
524288 456051
980339 768
981107 160
981267 8
981275 2
524288 456051
980339 1024
524288 456051
980339 1024
981363 64
524288 456051
980339 1152
981491 40
981531 5
981536 2
524288 456051
980339 1152
981491 64
981555 12
981567 2
981569 1
524288 456051
980339 1152
262144 131072
393216 32768
425984 16384
442368 8192
450560 4096
454656 2048
456704 256
456960 128
457088 64
457152 32
457184 16
457200 2
457202 1
981491 96
981587 20
981607 4
524288 457203
981491 256
981747 8
524288 457203
981491 320
981811 16
981827 1
16 1
524288 457203
981491 384
981875 96
524288 457203
981491 576
982067 20
982087 8
982095 1
8 1
524288 457203
981491 640
982131 16
524288 524288
1048576 1048576
2097152 851778
2948930 32768
2981698 16384
2998082 2048
3000130 40
3000170 5
3000175 2
2097152 851778
2948930 32768
2981698 16384
32768 16384
2998082 2048
3000130 128
3000258 20
3000278 2
3000280 1
1048576 1048576
2097152 851778
524288 262144
786432 32768
819200 16384
835584 8192
843776 4096
847872 2048
849920 1024
850944 512
851456 256
851712 64
851776 2
2948930 49152
2998082 2048
3000130 256
3000386 12
1048576 1048576
2097152 851778
2948930 49152
524288 262144
786432 65536
851968 32768
884736 8192
892928 4096
897024 2048
899072 1024
900096 512
900608 256
900864 64
900928 2
2998082 2048
3000130 576
3000706 5
3000711 1
1048576 1048576
2097152 900930
2998082 2048
3000130 768
3000898 48
2097152 900930
2998082 2048
524288 262144
786432 65536
851968 32768
884736 16384
901120 1024
902144 512
902656 256
902912 64
902976 2
3000130 768
3000898 160
3001058 40
3001098 5
1048576 1048576
2097152 902978
3000130 1152
3001282 40
3001322 1
2097152 902978
3000130 1280
3001410 160
3001570 40
3001610 2
3001612 1
2097152 902978
3000130 1280
3001410 320
3001730 32
3001762 2
3001764 1
2097152 902978
3000130 1280
524288 262144
786432 65536
851968 32768
884736 16384
901120 2048
903168 1024
904192 64
904256 2
3001410 640
3002050 64
3002114 5
1048576 1048576
2097152 904258
3001410 768
3002178 160
3002338 48
2097152 904258
3001410 1280
3002690 20
3002710 2
2097152 904258
3001410 1280
3002690 320
3003010 48
3003058 4
2097152 904258
3001410 1280
524288 262144
786432 65536
851968 32768
884736 16384
901120 4096
905216 256
905472 64
905536 2
3002690 640
3003330 80
3003410 2
1048576 1048576
2097152 905538
3002690 768
3003458 160
3003618 48
3003666 1
2097152 905538
3002690 1152
3003842 64
3003906 2
2097152 905538
3002690 1280
3003970 128
3004098 9
3004107 2
2097152 905538
3002690 1280
3003970 384
3004354 80
3004434 2
3004436 1
2097152 905538
3002690 1280
524288 262144
786432 65536
851968 32768
884736 16384
901120 4096
905216 1024
906240 512
906752 64
906816 2
3003970 640
3004610 96
3004706 9
1048576 1048576
2097152 906818
3003970 768
3004738 160
3004898 48
3004946 2
3004948 1
2 1
1048576 1048576
2097152 906818
3003970 1280
3005250 48
3005298 5
3005303 1
2097152 906818
3003970 1280
3005250 160
3005410 3
2097152 906818
3003970 1280
524288 262144
786432 65536
851968 32768
884736 16384
901120 4096
905216 2048
907264 512
907776 256
908032 64
908096 2
3005250 512
3005762 12
3005774 3
1048576 1048576
2097152 908098
3005250 640
3005890 64
3005954 3
2097152 908098
3005250 1024
3006274 32
3006306 3
2097152 908098
3005250 1152
3006402 20
3006422 9
3006431 2
2097152 908098
3005250 1280
3006530 5
2097152 908098
3005250 1280
3006530 96
3006626 20
3006646 3
2097152 908098
3005250 1280
524288 262144
786432 65536
851968 32768
884736 16384
901120 8192
909312 64
909376 2
3006530 384
3006914 32
3006946 4
1048576 1048576
2097152 909378
3006530 640
3007170 96
3007266 20
3007286 8
2097152 909378
3006530 1024
3007554 96
3007650 12
3007662 1
2097152 909378
3006530 1280
3007810 160
3007970 40
3008010 4
2097152 909378
3006530 1280
3007810 384
3008194 80
3008274 9
2097152 909378
3006530 2048
3008578 64
3008642 2
2097152 909378
3006530 2048
3008578 128
3008706 20
3008726 5
3008731 2
2097152 909378
3006530 2048
3008578 384
3008962 96
3009058 20
3009078 4
2097152 909378
3006530 2048
3008578 576
3009154 17
3009171 2
2097152 909378
3006530 2048
3008578 768
3009346 48
3009394 5
3009399 1
2097152 909378
3006530 2048
524288 262144
786432 65536
851968 32768
884736 16384
901120 8192
909312 2048
911360 64
911424 2
3008578 768
3009346 160
3009506 32
3009538 4
1048576 1048576
2097152 911426
3008578 1152
3009730 32
3009762 3
2097152 911426
3008578 1280
3009858 96
3009954 20
3009974 9
3009983 1
2097152 911426
3008578 1280
3009858 384
3010242 48
3010290 12
3010302 1
2097152 911426
3008578 1280
524288 262144
786432 65536
851968 32768
884736 16384
901120 8192
909312 2048
911360 1024
912384 256
912640 64
912704 2
3009858 640
3010498 20
3010518 5
3010523 2
1048576 1048576
2097152 912706
3009858 768
3010626 160
3010786 80
3010866 9
2097152 912706
3009858 1152
3011010 64
3011074 5
3011079 2
2097152 912706
3009858 1280
3011138 96
3011234 2
2097152 912706
3009858 1280
3011138 320
3011458 48
3011506 12
2097152 912706
3009858 1280
524288 262144
786432 65536
851968 32768
884736 16384
901120 8192
909312 4096
913408 512
913920 64
913984 2
3011138 640
3011778 20
3011798 5
1048576 1048576
2097152 913986
3011138 768
3011906 20
3011926 9
2097152 913986
3011138 768
3011906 160
3012066 5
2097152 913986
3011138 1280
3012418 20
3012438 9
2097152 913986
3011138 1280
3012418 128
3012546 20
3012566 9
2097152 913986
3011138 1280
524288 262144
786432 65536
851968 32768
884736 16384
901120 8192
909312 4096
913408 1024
914432 512
914944 256
915200 64
915264 2
3012418 384
3012802 16
1048576 1048576
2097152 915266
3012418 576
3012994 20
3013014 9
3013023 2
2097152 915266
3012418 768
3013186 160
3013346 17
2097152 915266
3012418 1024
3013442 40
3013482 1
2097152 915266
3012418 1280
3013698 64
3013762 12
2097152 915266
3012418 1280
3013698 256
3013954 48
3014002 5
3014007 1
2097152 915266
3012418 1280
524288 262144
786432 65536
851968 32768
884736 16384
901120 8192
909312 4096
913408 2048
915456 1024
916480 64
916544 2
3013698 576
3014274 20
1048576 1048576
2097152 916546
3013698 768
3014466 80
3014546 2
2097152 916546
3013698 1152
3014850 20
3014870 5
3014875 1
2097152 916546
3013698 1280
3014978 128
3015106 20
3015126 1
2097152 916546
3013698 1280
3014978 384
3015362 96
3015458 20
3015478 2
2097152 916546
3013698 1280
524288 262144
786432 131072
917504 256
917760 64
917824 2
3014978 640
3015618 32
3015650 5
3015655 1
1048576 1048576
2097152 917826
3014978 768
3015746 160
3015906 48
3015954 12
3015966 1
2097152 917826
3014978 1152
3016130 96
3016226 9
3016235 1
2097152 917826
3014978 1280
3016258 256
3016514 5
3016519 2
2097152 917826
3014978 1280
3016258 512
3016770 40
2097152 917826
3014978 2048
3017026 80
3017106 9
3017115 1
2097152 917826
3014978 2048
3017026 160
3017186 64
3017250 4
2097152 917826
3014978 2048
3017026 576
3017602 20
2097152 917826
3014978 2048
3017026 768
3017794 160
3017954 32
3017986 5
2097152 917826
3014978 2048
3017026 1024
3018050 80
3018130 1
2097152 917826
3014978 2048
524288 262144
786432 131072
917504 2048
919552 256
919808 64
919872 2
3017026 1280
3018306 96
3018402 20
3018422 2
1048576 1048576
2097152 919874
3017026 1280
3018306 384
3018690 9
3018699 1
2097152 919874
3017026 1280
3018306 576
3018882 48
3018930 1
2097152 919874
3017026 2048
3019074 96
3019170 17
2097152 919874
3017026 2048
3019074 160
3019234 48
2097152 919874
3017026 2048
3019074 320
3019394 32
3019426 5
2097152 919874
3017026 2048
3019074 384
3019458 96
3019554 20
3019574 9
3019583 1
2097152 919874
3017026 2048
3019074 640
3019714 20
3019734 9
2097152 919874
3017026 2048
524288 262144
786432 131072
917504 4096
921600 256
921856 64
921920 2
3019074 768
3019842 160
3020002 40
3020042 5
1048576 1048576
2097152 921922
3019074 1024
3020098 64
1024 64
3020162 9
3020171 2
1048576 1048576
2097152 921922
3019074 1280
3020354 48
3020402 12
3020414 3
2097152 921922
3019074 1280
3020354 160
3020514 80
3020594 8
2097152 921922
3019074 1280
524288 262144
786432 131072
917504 4096
921600 1024
922624 512
923136 64
923200 2
3020354 384
3020738 64
3020802 12
3020814 2
1048576 1048576
2097152 923202
3020354 640
3020994 48
3021042 9
3021051 2
2097152 923202
3020354 1024
3021378 12
3021390 2
2097152 923202
3020354 1280
3021634 96
3021730 20
3021750 5
3021755 1
2097152 923202
3020354 1280
3021634 160
3021794 48
3021842 9
3021851 2
2097152 923202
3020354 1280
524288 262144
786432 131072
917504 4096
921600 2048
923648 512
924160 256
924416 64
924480 2
3021634 384
3022018 96
3022114 20
3022134 3
1048576 1048576
2097152 924482
3021634 768
3022402 64
3022466 5
3022471 1
2097152 924482
3021634 1024
3022658 20
3022678 1
2097152 924482
3021634 1280
3022914 40
3022954 3
2097152 924482
3021634 1280
3022914 256
2097152 924482
3021634 1280
524288 262144
786432 131072
917504 8192
925696 64
925760 2
3022914 512
3023426 9
3023435 2
1048576 1048576
2097152 925762
3022914 640
3023554 40
3023594 3
2097152 925762
3022914 768
3023682 80
3023762 5
3023767 2
2097152 925762
3022914 1024
3023938 32
1024 32
1048576 1048576
2097152 925762
3022914 1280
3024194 48
3024242 3
2097152 925762
3022914 1280
3024194 160
3024354 80
3024434 5
2097152 925762
3022914 1280
524288 262144
786432 131072
917504 8192
925696 1024
926720 256
926976 64
927040 2
3024194 512
3024706 17
3024723 2
1048576 1048576
2097152 927042
3024194 640
3024834 40
3024874 5
3024879 2
2097152 927042
3024194 768
3024962 64
2097152 927042
3024194 1088
3025282 32
2097152 927042
3024194 1280
3025474 64
3025538 2
64 2
1048576 1048576
2097152 927042
3024194 1280
3025474 256
3025730 20
3025750 1
2097152 927042
3024194 1280
524288 262144
786432 131072
917504 8192
925696 2048
927744 512
928256 64
928320 2
3025474 576
3026050 40
3026090 2
1048576 1048576
2097152 928322
3025474 768
3026242 128
3026370 16
128 16
1048576 1048576
2097152 928322
3025474 1056
3026530 5
2097152 928322
3025474 1152
3026626 96
3026722 17
2097152 928322
3025474 1280
3026754 320
3027074 20
3027094 4
2097152 928322
3025474 1280
3026754 512
3027266 20
3027286 4
2097152 928322
3025474 2048
3027522 48
3027570 4
2097152 928322
3025474 2048
3027522 160
3027682 20
3027702 4
2097152 928322
3025474 2048
3027522 320
3027842 17
2097152 928322
3025474 2048
3027522 640
3028162 32
3028194 5
3028199 1
2097152 928322
3025474 2048
3027522 768
3028290 160
3028450 40
2097152 928322
3025474 2048
524288 262144
786432 131072
917504 8192
925696 4096
929792 512
930304 64
930368 2
3027522 1280
3028802 32
3028834 1
1048576 1048576
2097152 930370
3027522 1280
3028802 160
3028962 5
3028967 1
2097152 930370
3027522 1280
3028802 320
3029122 40
2097152 930370
3027522 1280
524288 262144
786432 131072
917504 8192
925696 4096
929792 1024
930816 512
931328 256
931584 64
931648 2
3028802 576
3029378 32
3029410 3
1048576 1048576
2097152 931650
3028802 768
3029570 160
3029730 40
3029770 5
3029775 2
2097152 931650
3028802 1152
3029954 96
3030050 20
3030070 9
3030079 2
2097152 931650
3028802 1280
3030082 128
3030210 12
3030222 2
2097152 931650
3028802 1280
3030082 384
3030466 96
3030562 2
2097152 931650
3028802 1280
524288 262144
786432 131072
917504 8192
925696 4096
929792 2048
931840 1024
932864 64
932928 2
3030082 512
3030594 48
3030642 12
3030654 2
1048576 1048576
2097152 932930
3030082 640
3030722 48
2097152 932930
3030082 1024
3031106 12
3031118 1
1024 1
1048576 1048576
2097152 932930
3030082 1152
3031234 66
3031300 5
3031305 1
2097152 932930
3030082 1280
3031362 256
3031618 5
2097152 932930
3030082 1280
3031362 384
3031746 5
3031751 1
2097152 932930
3030082 1280
524288 262144
786432 131072
917504 16384
933888 256
934144 64
934208 2
3031362 640
3032002 48
3032050 12
3032062 3
1048576 1048576
2097152 934210
3031362 768
3032130 160
3032290 40
3032330 5
3032335 1
2097152 934210
3031362 1152
3032514 20
3032534 2
2097152 934210
3031362 1280
3032642 20
2097152 934210
3031362 1280
3032642 384
3033026 3
2097152 934210
3031362 1280
524288 262144
786432 131072
917504 16384
933888 1024
934912 512
935424 64
935488 2
3032642 640
3033282 2
1048576 1048576
2097152 935490
3032642 768
3033410 128
3033538 12
3033550 3
2097152 935490
3032642 1152
3033794 20
3033814 9
3033823 1
2097152 935490
3032642 1280
3033922 5
2097152 935490
3032642 1280
3033922 256
3034178 48
3034226 5
2097152 935490
3032642 1280
524288 262144
786432 131072
917504 16384
933888 2048
935936 512
936448 256
936704 64
936768 2
3033922 512
3034434 32
3034466 5
3034471 2
1048576 1048576
2097152 936770
3033922 640
3034562 80
3034642 4
2097152 936770
3033922 1025
3034947 1
2097152 936770
3033922 1088
3035010 32
3035042 2
32 2
1048576 1048576
2097152 936770
3033922 1280
3035202 128
3035330 2
2097152 936770
3033922 1280
3035202 320
3035522 34
3035556 4
2097152 936770
3033922 1280
524288 262144
786432 131072
917504 16384
933888 4096
937984 64
938048 2
3035202 576
3035778 40
3035818 2
1048576 1048576
2097152 938050
3035202 768
3035970 128
3036098 12
2097152 938050
3035202 1088
3036290 8
2097152 938050
3035202 1280
3036482 128
3036610 12
2097152 938050
3035202 1280
3036482 384
3036866 66
3036932 5
3036937 1
2097152 938050
3035202 1280
524288 262144
786432 131072
917504 16384
933888 4096
937984 1024
939008 256
939264 64
939328 2
3036482 512
3036994 40
3037034 2
1048576 1048576
2097152 939330
3036482 768
3037250 20
3037270 9
3037279 1
2097152 939330
3036482 1056
3037538 5
3037543 1
2097152 939330
3036482 1280
3037762 20
3037782 3
2097152 939330
3036482 1280
3037762 256
3038018 4
2097152 939330
3036482 1280
524288 262144
786432 131072
917504 16384
933888 4096
937984 2048
940032 512
940544 64
940608 2
3037762 512
3038274 4
1048576 1048576
2097152 940610
3037762 640
3038402 20
3038422 4
2097152 940610
3037762 768
3038530 96
3038626 17
3038643 1
2097152 940610
3037762 1152
3038914 66
3038980 5
3038985 1
2097152 940610
3037762 1280
3039042 80
3039122 12
2097152 940610
3037762 1280
3039042 384
3039426 48
3039474 3
2097152 940610
3037762 1280
524288 262144
786432 131072
917504 16384
933888 4096
937984 2048
940032 1024
941056 512
941568 256
941824 64
941888 2
3039042 640
3039682 48
3039730 12
3039742 1
1048576 1048576
2097152 941890
3039042 768
3039810 66
3039876 12
3039888 1
2097152 941890
3039042 768
3039810 160
3039970 40
3040010 5
3040015 1
2097152 941890
3039042 1152
3040194 96
3040290 20
3040310 4
2097152 941890
3039042 1280
3040322 256
3040578 9
3040587 2
2097152 941890
3039042 1280
3040322 384
3040706 96
3040802 17
3040819 1
2097152 941890
3039042 1280
524288 262144
786432 131072
917504 16384
933888 8192
942080 1024
943104 64
943168 2
3040322 576
3040898 12
3040910 1
1048576 1048576
2097152 943170
3040322 640
3040962 96
3041058 9
3041067 2
2097152 943170
3040322 1025
3041347 20
3041367 9
3041376 1
2097152 943170
3040322 1280
3041602 40
3041642 5
2097152 943170
3040322 1280
3041602 144
3041746 5
2097152 943170
3040322 1280
524288 262144
786432 131072
917504 16384
933888 8192
942080 2048
944128 256
944384 64
944448 2
3041602 256
3041858 48
3041906 12
3041918 3
1048576 1048576
2097152 944450
3041602 576
3042178 17
2097152 944450
3041602 640
3042242 48
3042290 12
3042302 1
2097152 944450
3041602 1025
3042627 20
3042647 3
2097152 944450
3041602 1152
3042754 48
3042802 12
2097152 944450
3041602 1280
3042882 20
3042902 5
3042907 1
2097152 944450
3041602 1280
3042882 320
3043202 17
3043219 2
2097152 944450
3041602 1280
524288 262144
786432 131072
917504 16384
933888 8192
942080 2048
944128 1024
945152 512
945664 64
945728 2
3042882 640
3043522 5
1048576 1048576
2097152 945730
3042882 768
3043650 80
3043730 9
2097152 945730
3042882 1088
3043970 48
3044018 5
3044023 2
2097152 945730
3042882 1280
3044162 40
2097152 945730
3042882 1280
3044162 256
3044418 48
3044466 2
2097152 945730
3042882 1280
524288 262144
786432 131072
917504 16384
933888 8192
942080 4096
946176 512
946688 256
946944 64
947008 2
3044162 384
3044546 80
3044626 12
3044638 3
1048576 1048576
2097152 947010
3044162 576
3044738 34
3044772 1
2097152 947010
3044162 768
3044930 34
3044964 3
2097152 947010
3044162 1056
3045218 20
3045238 4
2097152 947010
3044162 1152
3045314 96
3045410 20
3045430 5
3045435 1
2097152 947010
3044162 1280
3045442 256
3045698 9
3045707 1
2097152 947010
3044162 1280
3045442 384
3045826 20
3045846 9
2097152 947010
3044162 1280
524288 262144
786432 131072
917504 16384
933888 8192
942080 4096
946176 2048
948224 64
948288 2
3045442 640
3046082 66
3046148 5
1048576 1048576
2097152 948290
3045442 768
3046210 48
3046258 4
2097152 948290
3045442 1088
3046530 9
3046539 2
2097152 948290
3045442 1280
3046722 96
3046818 20
3046838 5
2097152 948290
3045442 1280
3046722 384
3047106 96
3047202 8
2097152 950082
3047234 96
3047330 4
2097152 2097152
4194304 4194304
8388608 8388608
16777216 16777216
33554432 33554432
67108864 67108864
134217728 134217728
268435456 134217728
402653184 67108864
469762048 16777216
486539264 8388608
494927872 4194304
499122176 851968
499974144 16384
499990528 8192
499998720 1280
500000000 1
268435456 134217728
402653184 67108864
469762048 16777216
486539264 8388608
494927872 4194304
499122176 851968
499974144 16384
499990528 8192
499998720 1280
500000000 9
268435456 134217728
402653184 67108864
134217728 67108864
469762048 16777216
134217728 67108864
201326592 16777216
486539264 8388608
134217728 67108864
201326592 16777216
218103808 8388608
494927872 4194304
134217728 67108864
201326592 16777216
218103808 8388608
226492416 4194304
499122176 851968
499974144 16384
499990528 8192
499998720 1280
500000000 34
500000034 2
268435456 230686720
499122176 851968
499974144 16384
499990528 8192
499998720 1280
500000000 96
500000096 4
268435456 230686720
499122176 851968
134217728 67108864
201326592 16777216
218103808 8388608
226492416 4194304
230686720 524288
231211008 262144
231473152 65536
499974144 16384
499990528 8192
499998720 1280
500000000 160
500000160 64
500000224 1
268435456 231538688
499974144 16384
134217728 67108864
201326592 16777216
218103808 8388608
226492416 4194304
230686720 524288
231211008 262144
231473152 65536
231538688 16384
499990528 8192
134217728 67108864
201326592 16777216
218103808 8388608
226492416 4194304
230686720 524288
231211008 262144
231473152 65536
231538688 16384
231555072 8192
499998720 1280
134217728 67108864
201326592 16777216
218103808 8388608
226492416 4194304
230686720 524288
231211008 262144
231473152 65536
231538688 16384
231555072 8192
231563264 1024
231564288 256
500000000 384
500000384 48
500000432 9
268435456 231564544
500000000 768
500000768 16
268435456 231564544
500000000 1280
500001280 16
268435456 231564544
500000000 1280
500001280 640
500001920 96
500002016 9
268435456 231564544
500000000 2048
500002048 768
500002816 160
500002976 48
500003024 1
268435456 231564544
500000000 4096
500004096 256
500004352 4
268435456 231564544
500000000 4096
500004096 1280
500005376 640
500006016 66
500006082 2
268435456 231564544
500000000 8192
500008192 80
500008272 9
268435456 231564544
500000000 8192
500008192 2048
500010240 768
500011008 17
268435456 231564544
500000000 12288
500012288 2048
500014336 64
268435456 231564544
500000000 16384
500016384 2048
500018432 64
268435456 231564544
500000000 16384
500016384 4096
500020480 2048
500022528 768
500023296 96
500023392 17
268435456 231564544
500000000 16384
500016384 12288
500028672 512
500029184 48
500029232 9
268435456 231564544
500000000 32768
500032768 2048
500034816 1280
134217728 67108864
201326592 16777216
218103808 8388608
226492416 4194304
230686720 524288
231211008 262144
231473152 65536
231538688 16384
231555072 8192
231563264 2048
231565312 512
500036096 4
268435456 231565824
500001280 32768
500034048 8192
500042240 1280
500043520 576
500044096 4
268435456 231565824
500001280 49152
500050432 2048
500052480 768
500053248 96
500053344 17
268435456 231565824
500001280 49152
500050432 12288
500062720 1280
500064000 9
268435456 231565824
500001280 65536
500066816 8192
500075008 1152
500076160 16
268435456 231565824
500001280 65536
500066816 16384
500083200 4096
500087296 2048
500089344 640
500089984 16
268435456 231565824
500001280 98304
500099584 4096
500103680 1280
500104960 640
500105600 20
500105620 5
268435456 231565824
500001280 114688
500115968 4096
500120064 2048
500122112 1088
500123200 1
268435456 231565824
500001280 141312
500142592 256
500142848 34
500142882 2
268435456 231565824
500001280 159729
500161009 2048
500163057 1280
500164337 384
500164721 96
500164817 17
500164834 2
268435456 231565824
500001280 177440
500178720 8192
500186912 2048
500188960 256
500189216 9
268435456 231565824
500001280 206097
500207377 8192
500215569 640
500216209 16
268435456 231565824
500001280 206097
500207377 32768
500240145 4096
500244241 1280
500245521 384
500245905 96
500246001 12
500246013 3
268435456 231565824
500001280 262144
500263424 12288
500275712 2048
500277760 1024
268435456 231565824
500001280 311296
500312576 2048
500314624 96
500314720 1
2048 1
268435456 231565824
500001280 327490
500328770 16384
500345154 8192
16384 8192
500353346 640
500353986 34
500354020 5
268435456 231565824
500001280 393216
500394496 2049
500396545 320
500396865 34
500396899 1
268435456 231565824
500001280 441888
500443168 384
500443552 4
268435456 231565824
500001280 457203
500458483 32768
500491251 2049
500493300 768
500494068 128
500494196 12
500494208 1
268435456 231565824
500001280 524288
500525568 16384
500541952 4096
500546048 2049
500548097 768
500548865 160
500549025 48
500549073 8
268435456 231565824
500001280 524288
500525568 65536
500591104 16384
500607488 768
500608256 144
268435456 231565824
500001280 645301
500646581 24576
500671157 1152
500672309 80
500672389 9
500672398 2
268435456 231565824
500001280 645301
500646581 65536
500712117 24576
500736693 4096
500740789 512
500741301 20
268435456 231565824
500001280 786432
500787712 24576
500812288 2049
500814337 1056
500815393 16
268435456 231565824
500001280 892928
500894208 640
500894848 66
500894914 2
268435456 231565824
500001280 978803
500980083 17
268435456 231565824
500001280 1048576
501049856 16384
501066240 4096
501070336 768
501071104 96
501071200 20
501071220 5
268435456 231565824
500001280 1048576
501049856 114688
501164544 2049
501166593 1280
501167873 640
501168513 48
268435456 231565824
500001280 1048576
501049856 206097
501255953 16384
501272337 40
501272377 5
501272382 2
268435456 231565824
500001280 1048576
501049856 327490
501377346 4096
501381442 1280
501382722 160
501382882 80
501382962 12
501382974 2
268435456 231565824
500001280 1048576
501049856 450560
501500416 160
501500576 48
501500624 1
268435456 231565824
500001280 1048576
134217728 67108864
201326592 16777216
218103808 8388608
226492416 4194304
230686720 1048576
231735296 524288
232259584 262144
232521728 65536
232587264 16384
232603648 8192
232611840 2048
232613888 512
501049856 524288
501574144 49152
501623296 2049
501625345 256
501625601 20
501625621 4
268435456 232614400
501049856 645301
501695157 49152
501744309 12288
501756597 1280
501757877 384
501758261 12
501758273 3
268435456 232614400
501049856 847872
501897728 1152
501898880 4
268435456 232614400
501049856 982147
502032003 12288
502044291 2049
502046340 1280
502047620 128
502047748 12
502047760 1
268435456 232614400
501049856 1048576
502098432 98304
502196736 8192
502204928 256
502205184 40
502205224 1
268435456 232614400
501049856 1048576
502098432 262144
502360576 8192
502368768 2049
502370817 768
502371585 12
502371597 3
268435456 232614400
501049856 1048576
502098432 448768
502547200 16
268435456 232614400
501049856 1048576
502098432 524288
502622720 98304
502721024 8192
502729216 2049
502731265 1088
502732353 48
502732401 8
268435456 232614400
501049856 1048576
502098432 819200
502917632 8192
502925824 1280
502927104 384
502927488 32
502927520 1
268435456 232614400
501049856 1048576
134217728 67108864
201326592 16777216
218103808 8388608
226492416 4194304
230686720 2097152
232783872 524288
233308160 262144
233570304 65536
233635840 16384
233652224 8192
233660416 2048
233662464 512
502098432 982147
503080579 49152
503129731 2049
503131780 1088
503132868 32
268435456 233662976
502098432 1048576
503147008 196608
503343616 4096
503347712 1152
503348864 34
503348898 2
268435456 233662976
502098432 1048576
503147008 425984
503572992 2049
503575041 768
503575809 66
503575875 5
503575880 1
268435456 233662976
502098432 1048576
503147008 645301
503792309 16384
503808693 4096
503812789 1280
503814069 128
503814197 12
268435456 233662976
502098432 1048576
503147008 916546
504063554 640
504064194 48
504064242 12
504064254 2
268435456 233662976
502098432 2097152
504195584 130816
268435456 233662976
502098432 2097152
504195584 393216
504588800 8192
504596992 2049
504599041 1280
504600321 640
504600961 64
268435456 233662976
502098432 2097152
504195584 645301
504840885 32768
504873653 12288
504885941 2049
504887990 512
504888502 17
504888519 2
268435456 233662976
502098432 3047334
505145766 32768
505178534 8192
505186726 2049
505188775 384
505189159 96
505189255 20
505189275 9
268435456 233662976
502098432 3047334
505145766 327490
505473256 24576
505497832 4096
505501928 1280
505503208 384
505503592 96
505503688 20
505503708 8
268435456 233662976
502098432 3047334
134217728 67108864
201326592 33554432
234881024 1048576
235929600 524288
236453888 131072
236584960 65536
236650496 32768
236683264 16384
236699648 8192
236707840 2048
236709888 256
236710144 128
236710272 32
236710304 4
236710308 2
505145766 645301
505791067 32768
505823835 8192
505832027 160
505832187 34
505832221 4
268435456 236710310
505145766 982147
506127913 32768
506160681 12288
506172969 2049
506175018 160
506175178 40
506175218 5
506175223 2
268435456 236710310
505145766 1048576
506194342 327490
506521832 8192
506530024 2049
506532073 1056
506533129 5
506533134 2
268435456 236710310
505145766 1048576
506194342 645301
506839643 65536
506905179 1152
506906331 48
506906379 5
268435456 236710310
505145766 2097152
507242918 49152
507292070 2049
507294119 1280
507295399 2
268435456 236710310
505145766 2097152
507242918 457203
507700121 384
507700505 96
507700601 20
507700621 4
268435456 236710310
505145766 2948930
508094696 24576
508119272 2049
508121321 1152
508122473 20
508122493 5
508122498 2
268435456 236710310
505145766 3047334
508193100 327490
508520590 32768
508553358 4096
508557454 2049
508559503 1280
508560783 640
508561423 48
508561471 5
268435456 236710310
505145766 3047334
508193100 819200
509012300 4096
509016396 1280
509017676 320
509017996 12
509018008 1
268435456 236710310
505145766 4194304
509340070 148783
509488853 2049
509490902 1280
509492182 320
509492502 48
509492550 9
509492559 2
268435456 236710310
505145766 4194304
509340070 645301
509985371 160
509985531 66
509985597 3
268435456 236710310
505145766 4194304
509340070 1048576
510388646 98304
510486950 8192
510495142 2049
510497191 384
510497575 20
510497595 5
268435456 236710310
505145766 4194304
509340070 1048576
510388646 638976
511027622 1280
511028902 128
511029030 9
511029039 2
268435456 236710310
505145766 4194304
509340070 2097152
511437222 142018
511579240 1152
511580392 17
268435456 236710310
505145766 4194304
134217728 67108864
201326592 33554432
234881024 4194304
239075328 1048576
240123904 524288
240648192 131072
240779264 65536
240844800 32768
240877568 16384
240893952 8192
240902144 2048
240904192 256
240904448 128
240904576 32
240904608 4
240904612 2
509340070 2097152
511437222 645301
512082523 65536
512148059 4096
512152155 40
512152195 1
268435456 240904614
509340070 3047334
512387404 327490
512714894 24576
512739470 4096
512743566 1280
512744846 48
512744894 5
512744899 1
268435456 240904614
509340070 3047334
512387404 971597
513359001 20
513359021 4
268435456 240904614
509340070 4194304
513534374 457203
513991577 2049
513993626 1280
513994906 160
513995066 12
513995078 3
268435456 240904614
509340070 4194304
513534374 1048576
514582950 65536
514648486 4096
514652582 768
514653350 160
514653510 66
514653576 8
268435456 240904614
509340070 4194304
513534374 1048576
514582950 645301
515228251 98304
515326555 8192
515334747 256
515335003 48
515335051 5
268435456 240904614
509340070 4194304
513534374 2097152
515631526 393216
516024742 12288
516037030 2049
516039079 768
516039847 160
516040007 17
516040024 1
268435456 240904614
509340070 4194304
513534374 3047334
516581708 177440
516759148 8192
516767340 1280
516768620 384
516769004 20
516769024 1
268435456 240904614
509340070 4194304
134217728 67108864
201326592 33554432
234881024 8388608
243269632 1048576
244318208 524288
244842496 131072
244973568 65536
245039104 32768
245071872 16384
245088256 8192
245096448 2048
245098496 256
245098752 128
245098880 32
245098912 4
245098916 2
513534374 3047334
134217728 67108864
201326592 33554432
234881024 8388608
243269632 524288
243793920 131072
243924992 16384
243941376 8192
243949568 2048
243951616 256
243951872 64
243951936 8
243951944 4
516581708 940610
517522318 256
517522574 20
517522594 2
268435456 245098918
513534374 4194304
517728678 524288
518252966 32768
518285734 12288
518298022 2049
518300071 1152
518301223 48
518301271 12
518301283 1
268435456 245098918
513534374 4194304
517728678 1048576
518777254 327490
519104744 768
519105512 128
519105640 1
268435456 245098918
513534374 4194304
517728678 2097152
519825830 98304
519924134 8192
519932326 2049
519934375 1280
519935655 512
519936167 48
519936215 9
519936224 1
268435456 245098918
513534374 4194304
517728678 3047334
520776012 16384
520792396 1152
520793548 48
520793596 4
268435456 245098918
513534374 4194304
517728678 3047334
520776012 902144
521678156 160
521678316 20
268435456 245098918
513534374 8388608
521922982 645301
522568283 16384
522584667 4096
522588763 2049
522590812 160
522590972 34
522591006 3
268435456 245098918
513534374 8388608
521922982 1048576
522971558 524288
523495846 32768
523528614 2049
523530663 1280
523531943 256
523532199 2
268435456 245098918
513534374 8388608
521922982 2097152
524020134 457203
524477337 24576
524501913 576
524502489 9
524502498 2
268435456 245098918
513534374 8388608
521922982 3047334
524970316 524288
525494604 4096
525498700 2049
525500749 1280
525502029 384
525502413 80
525502493 5
525502498 2
268435456 245098918
513534374 8388608
521922982 4194304
526117286 409600
526526886 4096
526530982 1280
526532262 512
526532774 20
526532794 5
526532799 2
268435456 245098918
513534374 8388608
134217728 67108864
201326592 33554432
234881024 16777216
251658240 1048576
252706816 524288
253231104 131072
253362176 65536
253427712 32768
253460480 16384
253476864 8192
253485056 2048
253487104 256
253487360 128
253487488 32
253487520 4
253487524 2
521922982 4194304
526117286 1048576
527165862 425984
527591846 2049
527593895 96
527593991 17
527594008 1
268435456 253487526
521922982 4194304
526117286 2097152
528214438 457203
528671641 12288
528683929 2049
528685978 640
528686618 96
528686714 20
528686734 2
268435456 253487526
521922982 4194304
526117286 3047334
529164620 645301
529809921 1280
529811201 384
529811585 12
529811597 3
268435456 253487526
521922982 8388608
530311590 645301
530956891 12288
530969179 40
530969219 5
530969224 1
268435456 253487526
521922982 8388608
530311590 1048576
531360166 786432
532146598 12288
532158886 1280
532160166 66
532160232 9
268435456 253487526
521922982 8388608
530311590 3047334
533358924 24576
533383500 1280
533384780 384
533385164 96
533385260 20
533385280 4
268435456 253487526
521922982 8388608
530311590 4194304
534505894 137837
534643731 1152
534644883 96
534644979 17
268435456 253487526
521922982 8388608
530311590 4194304
534505894 1048576
535554470 327490
535881960 49152
535931112 8192
535939304 640
535939944 80
535940024 1
268435456 268435456
536870912 393216
537264128 4096
537268224 2049
537270273 640
537270913 96
537271009 16
536870912 1048576
537919488 645301
538564789 65536
538630325 8192
538638517 128
538638645 9
538638654 2
536870912 3047334
539918246 122880
540041126 2049
540043175 384
540043559 20
540043579 5
536870912 4194304
541065216 417792
541483008 2049
541485057 1280
541486337 144
536870912 4194304
541065216 1048576
4194304 1048576
542113792 851968
542965760 2049
542967809 160
542967969 48
542968017 8
536870912 5242880
542113792 2097152
544210944 262144
544473088 12288
544485376 2049
544487425 1280
544488705 160
544488865 34
544488899 1
536870912 8388608
545259520 786432
546045952 2049
546048001 1280
546049281 512
546049793 3
536870912 8388608
545259520 2097152
547356672 262144
547618816 24576
547643392 4096
547647488 2049
547649537 1280
547650817 576
547651393 16
536870912 8388608
545259520 3047334
548306854 982147
549289001 4096
549293097 1280
549294377 64
536870912 8388608
545259520 5242880
550502400 457203
550959603 16384
550975987 2049
550978036 1280
550979316 256
550979572 20
550979592 8
536870912 8388608
545259520 5242880
550502400 2097152
552599552 98304
552697856 8192
552706048 1280
552707328 256
552707584 16
536870912 16777216
553648128 819200
554467328 8192
554475520 2049
554477569 1280
554478849 256
554479105 48
554479153 8
536870912 16777216
553648128 2097152
555745280 524288
556269568 24576
556294144 768
556294912 96
556295008 1
536870912 16777216
553648128 4194304
557842432 311296
558153728 2049
558155777 96
558155873 3
536870912 16777216
553648128 5242880
558891008 1048576
559939584 122880
560062464 34
560062498 2
536870912 16777216
553648128 5242880
558891008 3047334
561938342 65536
562003878 8192
562012070 2049
562014119 1280
562015399 160
562015559 66
536870912 16777216
553648128 8388608
562036736 1048576
563085312 930370
564015682 256
564015938 48
564015986 12
564015998 3
536870912 16777216
553648128 8388608
562036736 3047334
565084070 980268
566064338 40
566064378 5
566064383 1
536870912 16777216
553648128 8388608
16777216 8388608
562036736 5242880
567279616 851968
568131584 24576
568156160 4096
568160256 1280
536870912 25165824
562036736 5242880
567279616 3028490
570308106 96
570308202 20
570308222 3
536870912 33554432
570425344 1048576
571473920 982147
572456067 49152
572505219 5
572505224 1
536870912 33554432
570425344 4194304
574619648 133656
574753304 12
536870912 33554432
570425344 5242880
575668224 1048576
576716800 327490
577044290 8192
577052482 768
577053250 34
536870912 33554432
570425344 8388608
578813952 524288
579338240 65536
579403776 2049
579405825 96
536870912 33554432
570425344 8388608
578813952 2981698
581795650 12288
581807938 2049
581809987 1280
581811267 640
581811907 96
581812003 20
581812023 2
536870912 33554432
570425344 8388608
33554432 8388608
578813952 5242880
584056832 206097
584262929 8192
584271121 1152
584272273 96
584272369 20
584272389 9
584272398 2
536870912 41943040
578813952 5242880
584056832 2097152
586153984 524288
586678272 98304
586776576 8192
586784768 2049
586786817 1025
586787842 12
586787854 2
536870912 41943040
578813952 8388608
587202560 2097152
589299712 49152
589348864 8192
589357056 2049
589359105 96
589359201 8
536870912 41943040
578813952 8388608
587202560 4194304
591396864 524288
591921152 65536
591986688 576
591987264 17
536870912 41943040
578813952 8388608
587202560 5242880
592445440 2097152
8388608 2097152
594542592 130048
594672640 256
594672896 4
536870912 41943040
578813952 16777216
595591168 1048576
596639744 645301
597285045 131840
597416885 12
597416897 3
536870912 41943040
578813952 16777216
595591168 4194304
599785472 434176
600219648 384
600220032 80
600220112 9
536870912 41943040
578813952 16777216
595591168 5242880
600834048 2097152
602931200 148783
603079983 2049
603082032 1280
603083312 96
603083408 1
536870912 67108864
603979776 1048576
605028352 979232
606007584 32
536870912 67108864
603979776 4194304
608174080 819200
608993280 320
536870912 67108864
603979776 5242880
609222656 2097152
611319808 645301
611965109 65536
612030645 8192
612038837 2049
612040886 1280
612042166 48
612042214 9
612042223 2
536870912 67108864
603979776 10485760
614465536 645301
615110837 32768
615143605 8192
615151797 2049
615153846 512
615154358 3
536870912 67108864
603979776 10485760
614465536 3047334
617512870 786432
618299302 24576
618323878 4096
618327974 2049
618330023 768
618330791 80
618330871 12
618330883 1
536870912 67108864
603979776 16777216
620756992 786432
621543424 24576
621568000 4096
621572096 576
621572672 4
536870912 67108864
603979776 16777216
620756992 3047334
623804326 1048576
624852902 24576
624877478 2049
624879527 1088
624880615 9
624880624 1
536870912 67108864
603979776 16777216
67108864 16777216
620756992 5242880
625999872 2097152
628097024 157696
628254720 768
628255488 128
628255616 9
536870912 83886080
620756992 10485760
631242752 455680
631698432 144
536870912 83886080
620756992 10485760
631242752 3047334
634290086 919874
635209960 384
635210344 40
536870912 83886080
620756992 16777216
637534208 1048576
638582784 206097
638788881 2049
638790930 1025
638791955 5
638791960 1
536870912 83886080
620756992 16777216
637534208 4194304
641728512 645301
642373813 65536
642439349 4096
642443445 768
642444213 12
536870912 83886080
620756992 25165824
645922816 206097
646128913 32768
646161681 4096
646165777 2049
646167826 256
646168082 17
646168099 1
536870912 83886080
620756992 25165824
645922816 3047334
648970150 982147
649952297 8192
649960489 2049
649962538 1280
649963818 640
649964458 48
649964506 9
649964515 1
536870912 83886080
620756992 25165824
67108864 33554432
100663296 8388608
645922816 5242880
651165696 2097152
653262848 524288
653787136 32768
653819904 12288
653832192 2049
653834241 160
653834401 8
536870912 109051904
645922816 10485760
656408576 1048576
657457152 319488
657776640 2049
657778689 32
536870912 109051904
645922816 10485760
656408576 5242880
661651456 142018
661793474 4096
661797570 768
661798338 48
661798386 12
661798398 2
536870912 109051904
645922816 16777216
662700032 3047334
665747366 142018
665889384 4096
665893480 768
665894248 144
665894392 8
536870912 109051904
645922816 16777216
662700032 5242880
667942912 2097152
670040064 24576
670064640 2049
670066689 768
670067457 160
670067617 64
536870912 134217728
671088640 3047334
2097152 524288
2621440 262144
2883584 131072
3014656 16384
3031040 8192
3039232 4096
3043328 2048
3045376 1024
3046400 512
3046912 256
3047168 128
3047296 32
3047328 4
3047332 2
674135974 177440
674313414 4096
674317510 1280
674318790 384
674319174 34
674319208 1
536870912 134217728
671088640 5242880
676331520 2097152
678428672 206097
678634769 12288
678647057 2049
678649106 768
678649874 80
678649954 2
536870912 134217728
671088640 10485760
681574400 1048576
682622976 437760
683060736 160
683060896 4
536870912 134217728
671088640 10485760
681574400 5242880
686817280 645301
687462581 65536
687528117 24576
687552693 320
687553013 12
536870912 134217728
671088640 16777216
687865856 4194304
692060160 65536
692125696 1280
692126976 320
692127296 20
692127316 5
536870912 134217728
671088640 25165824
696254464 524288
696778752 4096
696782848 1280
696784128 640
696784768 16
536870912 134217728
671088640 25165824
696254464 5242880
701497344 24576
701521920 4096
701526016 384
701526400 16
536870912 134217728
671088640 33554432
704643072 1048576
705691648 645301
706336949 12288
706349237 2049
706351286 1280
706352566 640
706353206 17
706353223 2
536870912 134217728
671088640 33554432
704643072 5242880
709885952 1048576
710934528 327490
711262018 4096
711266114 96
711266210 12
711266222 3
536870912 134217728
671088640 41943040
713031680 3047334
716079014 177440
716256454 8192
716264646 1280
716265926 384
716266310 96
716266406 20
716266426 9
716266435 1
536870912 134217728
671088640 41943040
713031680 5242880
33554432 8388608
41943040 4194304
46137344 1048576
718274560 3047334
721321894 32768
721354662 160
721354822 48
721354870 12
721354882 2
536870912 134217728
671088640 47185920
718274560 5242880
723517440 3015127
726532567 34
536870912 134217728
671088640 47185920
718274560 10485760
728760320 3040290
731800610 12
731800622 3
536870912 134217728
671088640 47185920
718274560 16777216
735051776 2097152
737148928 8192
737157120 2049
737159169 768
737159937 48
737159985 12
737159997 3
536870912 201326592
738197504 4194304
742391808 206097
742597905 12288
742610193 1280
742611473 256
742611729 40
742611769 5
742611774 2
536870912 201326592
738197504 8388608
746586112 1048576
747634688 457203
748091891 49152
748141043 12288
748153331 2049
748155380 1280
748156660 320
748156980 20
748157000 9
536870912 201326592
738197504 10485760
748683264 4194304
752877568 917826
753795394 1280
753796674 80
753796754 5
753796759 2
536870912 218103808
754974720 4194304
759169024 327490
759496514 32768
759529282 2049
759531331 768
759532099 1
536870912 226492416
763363328 1048576
764411904 950082
765361986 2049
765364035 64
765364099 1
536870912 233662976
770533888 645301
771179189 98304
771277493 12288
771289781 2049
771291830 1280
771293110 640
771293750 80
771293830 9
771293839 2
536870912 240123904
776994816 327490
777322306 96
777322402 5
777322407 2
536870912 245098918
781969830 1048576
783018406 432128
783450534 320
783450854 40
783450894 2
536870912 252706816
789577728 98304
789676032 4096
789680128 256
789680384 16
536870912 253487526
790358438 5242880
795601318 409600
796010918 1088
796012006 17
796012023 2
536870912 253487526
790358438 10485760
800844198 1048576
801892774 524288
802417062 24576
802441638 4096
802445734 1088
802446822 48
802446870 9
802446879 2
536870912 268435456
805306368 3047334
808353702 524288
808877990 98304
808976294 8192
808984486 1280
808985766 256
808986022 48
808986070 12
808986082 2
536870912 268435456
805306368 8388608
813694976 1048576
814743552 884736
815628288 2049
815630337 384
815630721 34
815630755 1
536870912 268435456
805306368 16777216
822083584 294912
822378496 2049
822380545 1280
822381825 160
822381985 40
536870912 268435456
805306368 16777216
822083584 5242880
827326464 1048576
828375040 851968
829227008 12288
829239296 1280
829240576 384
829240960 64
829241024 1
536870912 268435456
805306368 25165824
830472192 5242880
835715072 457203
836172275 32768
836205043 2049
836207092 1280
836208372 512
836208884 12
536870912 268435456
805306368 33554432
838860800 4194304
843055104 206097
843261201 24576
843285777 768
843286545 160
843286705 66
843286771 12
843286783 1
536870912 268435456
805306368 41943040
847249408 3047334
850296742 177440
850474182 1280
850475462 320
850475782 48
850475830 9
850475839 2
536870912 268435456
805306368 47185920
852492288 5242880
857735168 32768
857767936 8192
857776128 1088
857777216 9
536870912 268435456
805306368 47185920
852492288 10485760
862978048 2097152
865075200 114688
865189888 2049
865191937 160
865192097 3
536870912 268435456
805306368 67108864
872415232 294912
872710144 8192
872718336 2049
872720385 1152
872721537 96
872721633 3
536870912 268435456
805306368 67108864
872415232 5242880
877658112 2621440
880279552 65536
880345088 16384
880361472 4096
880365568 1280
880366848 160
880367008 1
536870912 268435456
805306368 67108864
268435456 67108864
872415232 10485760
882900992 4194304
887095296 982147
888077443 49152
888126595 2049
888128644 640
888129284 96
888129380 20
888129400 1
536870912 335544320
872415232 16777216
889192448 5242880
894435328 1048576
895483904 524288
896008192 1280
896009472 512
896009984 16
536870912 335544320
872415232 25165824
897581056 5242880
902823936 1048576
903872512 137216
904009728 256
904009984 16
536870912 335544320
872415232 33554432
905969664 5242880
911212544 917826
912130370 160
912130530 66
912130596 5
536870912 335544320
872415232 47185920
919601152 645301
920246453 122880
920369333 2049
920371382 1280
920372662 320
920372982 20
920373002 5
920373007 2
536870912 335544320
872415232 47185920
919601152 8388608
927989760 645301
928635061 98304
928733365 4096
928737461 768
928738229 160
928738389 40
928738429 5
928738434 2
536870912 335544320
872415232 47185920
268435456 67108864
335544320 33554432
369098752 8388608
377487360 4194304
381681664 1048576
919601152 16777216
936378368 847872
937226240 1280
937227520 576
937228096 4
536870912 402653184
939524096 5242880
944766976 1048576
945815552 24576
945840128 2049
945842177 1025
945843202 20
945843222 3
536870912 402653184
939524096 10485760
950009856 4194304
954204160 327490
954531650 49152
954580802 4096
954584898 128
954585026 12
954585038 3
536870912 402653184
268435456 134217728
939524096 16777216
956301312 5242880
961544192 1048576
962592768 851968
963444736 8192
963452928 1280
963454208 576
536870912 402653184
939524096 25165824
964689920 5242880
969932800 2097152
972029952 421888
972451840 1280
972453120 576
536870912 402653184
939524096 41943040
981467136 114688
981581824 1152
981582976 48
981583024 1
536870912 402653184
939524096 47185920
986710016 3047334
989757350 1048576
990805926 32768
990838694 4096
990842790 1152
990843942 80
990844022 3
536870912 402653184
939524096 47185920
986710016 10485760
997195776 2621440
999817216 177440
999994656 4096
999998752 1152
999999904 80
999999984 12
999999996 3
