2896
1 1
2 2
4 4
8 8
16 16
32 32
64 64
128 128
256 256
512 512
1024 1024
2048 2048
4096 4096
8192 8192
16384 16384
32768 32768
65536 32768
98304 16384
114688 8192
122880 4096
126976 2048
129024 1024
130048 512
130560 256
130816 128
130944 64
131008 32
131040 16
131056 8
131064 4
131068 2
131070 1
131068 8
131076 1
131076 4
131077 8
131085 8
131040 64
131104 2
131093 32
131125 2
131127 32
131159 2
131085 128
131213 2
131215 1
131040 256
131296 8
131304 1
131305 128
131433 16
131161 512
131673 8
131681 1
131008 1024
132032 16
132048 8
132056 2
132058 1
130560 2048
132608 32
132640 16
132656 8
132664 4
132668 1
132608 1024
133632 16
133648 8
131127 4096
135223 16
135239 8
135247 4
135251 2
133656 4096
137752 64
137816 16
137832 4
137836 1
137837 4096
141933 64
141997 16
142013 4
142017 1
132059 16384
148443 256
148699 64
148763 16
148779 4
142018 16384
158402 1024
159426 256
159682 32
159714 8
159722 4
159726 2
159728 1
159729 16384
176113 1024
177137 256
177393 32
177425 8
177433 4
177437 2
177439 1
137837 65536
203373 2048
205421 512
205933 128
206061 32
206093 4
137752 114688
252440 16
252456 8
252464 1
203373 122880
326253 1024
327277 128
327405 64
327469 16
327485 4
327489 1
327490 114688
442178 4096
446274 2048
448322 512
448834 32
448866 16
448882 1
448883 177440
626323 16384
642707 2048
644755 512
645267 32
645299 2
626323 327490
953813 8192
962005 1024
963029 64
963093 16
963109 2
963111 1
963112 16
963128 8
963136 1
963137 128
963265 8
963273 2
963112 256
963368 8
963376 32
963408 16
963424 4
963428 2
963430 1
963408 64
963472 8
963376 256
963632 2
963634 64
963698 8
963706 2
963708 32
963740 8
963748 4
963752 1
963698 128
963826 4
963830 2
963832 1
963480 512
963992 1
963993 32
964025 16
964041 4
964045 2
964047 1
964041 128
964169 16
964185 8
964193 2
964195 1
964048 256
964304 8
964312 64
964376 4
964380 2
963431 1024
964455 16
964471 8
964479 4
964483 128
964611 16
964627 1
964628 128
964756 2
963832 1024
964856 64
964920 32
964952 4
964048 1024
963137 2048
965185 128
965313 2
964956 512
965468 2
965470 1
965471 64
965535 16
965551 2
965535 64
965599 4
965603 2
965605 1
963708 2048
965756 1
965757 128
965885 16
965901 8
965909 1
965535 512
965910 256
966166 4
966170 2
966172 1
965757 512
966269 4
966273 2
964304 2048
966352 4
966356 128
966484 2
966047 512
966559 8
966567 4
966571 1
965606 1024
966630 32
966662 4
964758 2048
966806 1
966807 32
964920 2048
966968 8
966976 2
966978 1
966572 512
967084 4
966173 1024
967197 2
967199 1
967200 64
967264 16
967280 1
967281 128
967409 16
967425 8
966979 512
967491 1
967433 128
967561 1
967562 128
967690 1
967691 64
967755 8
967763 4
967767 1
967768 128
967896 16
967912 8
966968 1024
967992 4
967996 2
967998 32
968030 4
968034 2
968036 1
967088 1024
968112 4
964041 4096
968137 2
968139 1
968116 64
968180 2
967998 256
968254 8
968262 2
968264 32
968296 2
968180 256
964382 4096
968478 8
968486 2
964471 4096
968567 2
968569 1
968116 512
968628 32
968660 1
968298 512
968810 4
968814 2
642707 326253
968960 4
968964 1
964956 4096
969052 64
969116 8
969124 4
965185 4096
969281 4
969285 128
969413 16
969429 2
969431 1
969413 128
969541 8
969549 4
969553 1
968628 1024
969652 8
969660 4
969664 2
969666 128
968816 1024
969840 2
969842 1
969843 32
969875 4
969879 1
969880 64
969944 8
969952 4
969956 2
969958 1
965901 4096
967992 2048
970040 1
968112 2048
970160 1
968137 2048
970185 1
966173 4096
970269 8
970277 2
970279 1
970280 128
970408 2
970410 1
969541 1024
970565 4
968570 2048
970618 2
968661 2048
970709 8
970717 4
970721 2
970280 512
970792 8
970800 4
970804 2
970806 1
970807 128
970935 8
970943 4
970569 512
971081 2
971083 1
971083 32
971084 64
971148 2
971150 128
967281 4096
971377 16
971393 4
971397 2
970411 1024
971435 4
971439 1
967433 4096
971529 2
969549 2048
970709 1024
971597 256
971853 4
971857 1
971858 16
971874 8
971882 2
963753 8192
969997 2048
972045 16
972061 4
971882 256
964045 8192
972237 1
971884 512
972396 2
972398 1
972399 32
972431 8
972439 4
645267 327277
972544 1
968488 4096
972584 16
972600 2
972584 128
972712 8
972720 1
645301 327490
972791 4
968816 4096
972912 32
972944 64
973008 16
973024 2
973026 1
971081 2048
973008 256
973264 4
973268 2
973270 1
971377 2048
973425 2
973427 1
972545 1024
973129 512
973641 1
965535 8192
973727 2
973729 128
973857 16
973873 8
973881 4
973885 2
973887 1
969944 4096
974040 4
974044 2
974046 1
973857 256
974113 2
974115 1
973642 512
974154 4
974158 2
974160 1
974154 128
974282 1
974161 256
970411 4096
974507 16
974523 4
973569 1024
974593 8
974601 4
974605 1
974606 128
974734 16
966630 8192
974822 4
974826 2
974828 1
973888 1024
974912 8
974920 2
974922 1
973008 2048
975056 32
975088 8
975096 2
974161 1024
975185 4
975189 2
975098 128
975226 2
975228 1
975229 128
975357 8
971399 4096
975056 512
975568 16
975584 4
975588 2
975357 256
975613 2
974734 1024
975758 8
975766 4
975770 1
975771 32
973881 2048
975929 1
975930 64
975994 8
976002 2
976004 1
976002 128
976005 256
976261 4
976265 2
976267 1
976261 128
976389 2
976391 1
968254 8192
976446 2
972399 4096
976495 1
974601 2048
976649 64
976713 2
975803 1024
976827 8
976835 1
976649 256
976905 16
976921 8
976929 4
976933 2
976935 1
968810 8192
977002 2
977004 1
976921 128
977049 1
976836 256
977092 4
969052 8192
977244 4
977248 1
973264 4096
977360 2
977362 1
976936 512
977448 16
977464 1
977448 128
977576 1
976649 1024
977673 16
977689 4
977693 2
977695 1
977249 512
977761 8
977769 4
977773 1
977774 128
977902 8
977910 4
977914 1
977448 512
977577 512
978089 4
978093 2
978095 1
978096 32
978128 4
977761 512
978273 2
977915 512
978427 8
978435 1
978427 128
978555 4
978559 2
978561 1
977576 1024
978600 64
978664 8
978672 1
976715 2048
978763 4
978767 2
978769 1
974750 4096
978846 2
978848 1
970717 8192
978909 128
979037 8
978849 256
979105 2
979107 1
975098 4096
979194 32
979226 4
979230 2
971084 8192
975229 4096
978909 512
979421 16
979437 4
963093 16384
979477 2
979276 256
979532 4
979536 1
975590 4096
979686 1
978770 1024
979794 8
979802 1
979325 512
979837 8
979845 1
979846 128
979974 8
979982 1
963740 16384
980124 2
979687 512
980199 8
980207 2
980199 64
980263 4
980267 1
964025 16384
980409 8
980417 2
980419 1
980420 128
980124 512
980268 512
980548 256
972712 8192
980904 2
980906 1
980780 256
981036 4
981040 2
972944 8192
979226 2048
981274 2
981276 1
977249 4096
981345 16
981361 2
981363 64
981277 256
981533 4
981537 1
981538 32
981570 32
981602 8
981610 1
981611 128
981739 16
980804 1024
981828 128
981956 8
981964 4
981968 2
981970 1
981968 128
965757 16384
982141 4
982145 2
982147 982147
1964294 982147
2946441 32768
2979209 16384
2995593 4096
2999689 256
2999945 128
3000073 64
3000137 32
3000169 8
3000137 128
3000265 16
3000265 128
3000393 4
3000397 1
3000177 512
3000689 16
3000705 4
3000709 2
3000711 1
3000689 256
3000945 1
3000073 1024
3001097 4
3001101 2
3000281 1024
3001305 16
3001321 2
3001101 512
3001613 128
3001741 16
3001757 8
3001765 256
3002021 64
3002085 32
3002117 2
3002119 256
3002375 8
3002383 2
3002385 1
3002386 256
3002642 64
3002706 4
3002710 2
3002021 1024
3003045 16
3003061 1
3002386 1024
3003410 2
3003410 256
3003666 1
3001765 2048
3003813 64
3003877 16
3003893 8
3003901 4
3003905 2
3003907 1
3003062 1024
3004086 16
3004102 4
3004106 2
3004108 1
3003412 1024
3004436 1
3004437 256
3004693 16
3004709 4
3004713 2
3004693 256
3004715 512
3005227 64
3005291 8
3005299 4
3005303 1
3001305 4096
3005401 8
3005409 4
3005227 512
3005739 32
3005771 4
3005775 2
3003908 2048
3005956 1
3005777 512
3006289 16
3006305 4
3006305 128
3006433 64
3006497 32
3006529 4
3006533 2
3006497 128
3006625 16
3006641 8
3006433 512
3006945 4
3006949 1
3005227 2048
3007275 16
3007291 2
3007293 1
3006625 1024
3007649 8
3007657 4
3007661 2
3005957 2048
3008005 8
3008013 1
3008014 256
3008270 8
3008278 4
3008282 1
3000398 8192
3008590 32
3008622 16
3008638 4
3008642 2
3008590 128
3008718 8
3008726 4
3008730 2
3008732 1
3004949 4096
3009045 32
3009077 4
3009081 1
3009045 128
3005304 4096
3009400 128
3009528 8
3009536 4
3009540 2
3008733 1024
3009757 8
3001765 8192
3009957 16
3009973 8
3009981 2
3009983 1
3009765 512
3010277 16
3010293 8
3010301 2
3009984 512
3010496 16
3010512 8
3010520 4
3010524 1
3002642 8192
3010834 32
3010866 8
3010874 1
3006950 4096
3011046 32
3011078 2
3011080 1
3009173 2048
3011221 8
3011229 4
3011233 2
3011235 1
3011236 256
3011492 16
3011508 8
3011516 2
3011518 256
3011774 16
3011790 8
3011798 4
3011802 1
3011803 128
3011931 4
3011046 1024
3012070 1
3011935 512
3012447 128
3011790 1024
3012814 4
3012447 512
3012959 64
3013023 2
3012818 512
3013330 32
3013362 1
3005291 8192
3013483 256
3013739 32
3013771 2
3013773 1
3013739 256
3013995 8
3014003 4
3014007 1
3013774 512
3014286 8
3014286 256
3014542 4
3014546 2
3012818 2048
3014866 8
3014874 2
3014866 256
3015122 4
3015126 1
3007275 8192
3015467 8
3015475 4
3015479 1
3015127 512
3015639 16
3015655 1
3015656 256
3015912 32
3015944 16
3015960 4
3015964 2
3015966 1
3015967 256
3016223 8
3016231 4
3016235 1
3000137 16384
3008590 8192
3016782 16
3016798 8
3016806 4
3000712 16384
3017096 16
3017112 4
3016223 1024
3017247 4
3017251 2
3017253 1
3017096 512
3017608 8
3017616 4
3017620 2
3015912 2048
3017960 16
3017976 8
3017984 4
3017988 2
3017990 1
3017616 512
3018128 2
3018130 1
3002021 16384
3018405 16
3018421 2
3018423 1
3010496 8192
3018688 8
3018696 4
3018405 512
3018917 8
3018925 4
3018929 2
3018931 256
3011081 8192
3019273 8
3019281 1
3018917 512
3019429 2
3015480 4096
3019576 8
3015639 4096
3019735 8
3015944 4096
3020040 4
3020044 2
3020046 1
3020044 128
3020172 1
3016236 4096
3020332 64
3020396 16
3020412 4
3020416 1
3019576 1024
3020600 2
3019743 1024
3020767 32
3020799 16
3020815 1
3020767 256
3021023 16
3021039 8
3021047 4
3021051 2
3020332 1024
3021356 32
3021388 4
3017622 4096
3021718 32
3021750 4
3021754 2
3021718 128
3021846 4
3021850 2
3021852 1
3005739 16384
3022123 8
3022131 4
3022135 2
3020417 2048
3022465 4
3022469 2
3022471 1
3006289 16384
3022673 4
3022677 2
3022679 256
3022935 16
3022951 4
3022955 2
3022137 1024
3023161 8
3023169 1
3021388 2048
3023436 1
3023437 128
3023565 32
3021718 2048
3023766 2
3023768 1
3022935 1024
3023959 8
3023967 2
3023969 1
3023970 256
3024226 16
3024242 2
3024244 1
3020332 4096
3024428 8
3024436 2
3024438 1
3022677 2048
3020767 4096
3024863 16
3024879 2
3008642 16384
3017116 8192
3025308 4
3025312 2
3025026 512
3025538 2
3024725 1024
3025749 2
3025540 512
3026052 32
3026084 8
3009984 16384
3026368 16
3026384 2
3026386 128
3026514 16
3026530 4
3026534 1
3010303 16384
3026687 32
3026719 16
3026735 4
3026052 1024
3027076 16
3027092 4
3027096 2
3023170 4096
3027266 16
3027282 8
3026535 1024
3027559 8
3027567 4
3027571 2
3027573 1
3027574 128
3027702 4
3027706 128
3027834 16
3027850 8
3027858 1
3011803 16384
3028187 8
3028195 4
3028199 1
3028200 256
3028456 32
3028488 2
3012447 16384
3028831 4
3028456 512
3027098 2048
3029146 16
3025314 4096
3029410 2
3029412 1
3027706 2048
3029754 16
3029770 4
3029774 2
3029776 1
3021853 8192
3030045 32
3030077 4
3030081 128
3030209 8
3030217 4
3030221 2
3030223 1
3030045 512
3030557 4
3030561 2
3030563 1
3026535 4096
3030631 16
3030647 8
3030655 1
3030631 128
3030759 8
3030767 2
3030769 1
3030081 1024
3031105 8
3031113 4
3031117 2
3030770 512
3031282 16
3031298 8
3031105 512
3031617 4
3031621 2
3031623 128
3031751 1
3015656 16384
3032040 16
3032056 8
3032064 1
3031306 1024
3032330 4
3032334 2
3032336 128
3032464 64
3032528 8
3032528 128
3032656 4
3032660 2
3032464 512
3032976 32
3033008 16
3033024 4
3033028 1
3033028 256
3032528 1024
3033552 1
3033553 256
3033809 8
3033817 4
3033821 2
3033823 1
3033824 64
3033888 32
3033920 4
3033924 2
3033926 1
3033927 256
3034183 32
3034215 16
3034215 256
3034471 2
3034473 128
3034601 32
3034633 8
3034641 4
3034645 1
3033924 1024
3032976 2048
3035024 16
3035040 4
3033284 2048
3035044 512
3035556 4
3035560 256
3035816 4
3035820 256
3036076 32
3036108 2
3034231 2048
3036279 16
3036295 2
3036297 1
3036110 512
3036622 256
3036878 32
3036910 16
3036926 8
3036934 4
3028835 8192
3037027 8
3037035 1
3004437 32768
3037205 64
3037269 8
3037277 2
3037279 1
3037027 512
3037539 4
3037543 1
3037269 512
3037781 4
3033926 4096
3038022 256
3030224 8192
3038416 8
3038424 2
3034473 4096
3038569 64
3038633 8
3038641 2
3038643 1
3036938 2048
3035024 4096
3039120 8
3039128 4
3039132 2
3031282 8192
3039474 2
3039476 1
3039477 256
3039733 8
3039741 2
3039743 128
3039871 16
3039887 2
3039887 128
3040015 1
3040016 256
3040272 32
3040304 8
3040312 2
3040314 256
3040570 16
3040586 2
3040588 1
3024436 16384
3039887 1024
3008283 32768
3041051 16
3041067 2
3037280 4096
3041376 1
3037544 4096
3041640 4
3041644 2
3041646 1
3033553 8192
3041745 4
3041749 2
3039871 2048
3041919 2
3041921 256
3042177 16
3042193 2
3009528 32768
3042296 4
3042300 2
3042302 1
3040589 2048
3042637 8
3042645 4
3042649 1
3042302 512
3042650 256
3042906 2
3042195 1024
3043219 2
3035332 8192
3043524 2
3043526 1
3043221 512
3043733 4
3043737 2
3035820 8192
3044012 8
3044020 4
3044024 1
3044025 128
3044153 32
3044185 16
3044201 1
3044202 256
3044458 8
3044466 2
3044468 128
3044596 32
3044628 8
3044636 4
3044640 1
3044641 128
3044769 4
3042908 2048
3044956 8
3044964 2
3044966 1
3037036 8192
3045228 8
3045236 4
3045240 2
3037205 8192
3045397 32
3045429 4
3045433 2
3045435 1
3045436 256
3045692 16
3041751 4096
3045847 8
3029754 16384
3046138 8
3046146 4
3046150 2
3046152 1
3045236 1024
3046260 2
3013773 32768
3038644 8192
3046836 4
3046840 2
3046842 1
3038986 8192
3047178 32
3039134 8192
3047326 8
3047334 3047334
6094668 6094668
12189336 12189336
24378672 24378672
48757344 48757344
97514688 97514688
195029376 195029376
390058752 97514688
487573440 12189336
499762776 206097
499968873 16384
499985257 8192
499993449 4096
499997545 2048
499999593 256
499999849 128
499999977 16
499999993 8
500000001 8
500000001 32
500000033 2
500000035 1
500000036 64
500000100 64
500000164 32
500000196 16
500000212 8
500000220 4
500000224 1
500000164 256
500000420 16
500000436 4
500000440 1
500000225 512
500000737 32
500000769 8
500000777 4
500000781 2
500000783 1
500000784 512
499999977 2048
500000784 2048
500002832 128
500002960 64
500003024 1
500000225 4096
500004321 32
500004353 2
500004355 1
499997545 8192
500005737 256
500005993 64
500006057 16
500006073 8
500006081 2
500006083 1
500000036 8192
500008228 32
500008260 16
500008276 4
500008280 1
500002832 8192
500011024 1
500006084 8192
500014276 64
500014340 32
500014372 16
500014388 8
500014396 4
500014400 4096
500018496 4096
500022592 512
500023104 256
500023360 32
500023392 16
500023408 1
500023409 4096
500027505 1024
500028529 512
500029041 128
500029169 64
500029233 8
500003025 32768
500035793 256
500036049 32
500036081 16
500036097 2
500036099 1
500035793 8192
500043985 64
500044049 32
500044081 16
500044097 2
500044099 1
500036100 16384
500052484 512
500052996 256
500053252 64
500053316 32
500053348 8
500053356 4
500053360 1
499997545 65536
500063081 512
500063593 256
500063849 128
500063977 32
500008281 65536
500073817 2048
500075865 256
500076121 32
500076153 16
500076169 4
500076173 2
500076175 1
499762776 326253
500089029 512
500089541 256
500089797 128
500089925 64
500089989 8
500089997 2
500089999 1
500089029 16384
500105413 128
500105541 64
500105605 16
500105621 4
500000225 122880
500123105 64
500123169 32
500000784 142018
500142802 64
500142866 16
500142882 2
500035793 129024
500164817 16
500164833 2
500164835 1
500029241 159729
500188970 128
500189098 64
500189162 32
500189194 16
500189210 8
500189218 4
500189222 2
500189224 1
500089029 126976
500216005 128
500216133 64
500216197 16
500216213 8
500216221 4
500123105 122880
500245985 16
500246001 8
500246009 4
500246013 2
500246015 1
500246016 32768
500216225 98304
500314529 128
500314657 64
500216197 137816
500354013 8
500354021 4
500142884 252465
500395349 1024
500396373 512
500396885 8
500396893 4
500396897 2
500396899 1
500314529 129024
500443553 2
500443555 1
500395349 98304
500493653 512
500494165 32
500494197 8
500494205 4
500105625 442178
500547803 1024
500548827 128
500548955 64
500549019 32
500549051 16
500549067 8
500549075 4
500549079 2
500493653 114688
500608341 32
500608373 16
500608389 8
500608397 2
500608399 1
500027505 644755
500672260 128
500672388 8
500672396 4
499762776 978436
500741212 64
500741276 32
500741308 8
500741316 4
500741320 1
500188970 626323
500815293 64
500815357 32
500815389 16
500815405 4
500443556 448883
500892439 2048
500894487 256
500894743 128
500894871 32
500894903 8
500894911 4
500894915 1
500014340 965757
500980097 2
500980099 1
500105625 965599
501071224 1
500189225 979325
501168550 8
501168558 2
501168560 1
500314721 953813
501268534 2048
501270582 1024
501271606 512
501272118 256
501272374 8
501272382 2
500396900 982147
501379047 2048
501381095 1024
501382119 512
501382631 256
501382887 64
501382951 16
501382967 8
501382975 1
501382976 114688
501497664 2048
501499712 512
501500224 256
501500480 128
501500608 16
501500624 1
500980100 645301
501625401 128
501625529 64
501625593 32
501625625 132640
501758265 8
501758273 2
501758275 1
501272384 626323
501898707 128
501898835 32
501898867 16
501898883 1
501071225 976496
502047721 32
502047753 8
501758276 446274
502204550 512
502205062 128
502205190 32
502205222 2
502205224 1
501382976 982147
502365123 4096
502369219 2048
502371267 256
502371523 64
502371587 8
502371595 4
502371599 1
502369219 177440
502546659 512
502547171 32
502547203 8
502547211 4
502547215 1
501758276 974116
502732392 16
502732408 1
499968873 2946441
502915314 8192
502923506 2048
502925554 1024
502926578 512
502927090 256
502927346 128
502927474 32
502927506 8
502927514 4
502927518 2
502927520 1
500089989 3042908
503132897 2
503132899 1
500314657 3034231
503348888 8
503348896 4
500549081 3026739
503575820 32
503575852 16
503575868 8
503575876 4
503575880 1
500815409 2995593
503811002 2048
503813050 1024
503814074 128
503814202 4
503814206 2
503814208 1
503811002 252465
504063467 512
504063979 256
504064235 16
504064251 4
504064255 1
503348900 977465
504326365 32
504326397 2
504326399 1
504326400 252465
504578865 16384
504595249 4096
504599345 1024
504600369 512
504600881 128
504601009 16
502923506 1964294
504887800 512
504888312 128
504888440 64
504888504 16
504888520 1
502205225 2979209
505184434 4096
505188530 512
505189042 128
505189170 64
505189234 32
505189266 16
505189282 2
502547216 2946441
505493657 8192
505501849 1024
505502873 512
505503385 256
505503641 64
505503705 8
505503713 2
505503715 1
505189284 642707
505831991 128
505832119 64
505832183 32
505832215 8
505832223 2
503132900 3042303
506175203 16
506175219 4
506175223 2
503575881 2946441
506522322 8192
506530514 2048
506532562 512
506533074 32
506533106 16
506533122 8
506533130 4
506533134 2
503814209 3047334
506861543 32768
506894311 8192
506902503 2048
506904551 1024
506905575 512
506906087 256
506906343 32
506906375 8
506906383 1
504326400 2946441
507272841 16384
507289225 4096
507293321 2048
507295369 32
504601025 3047334
507648359 32768
507681127 16384
507697511 2048
507699559 1024
507700583 32
507700615 8
507700623 2
507648359 448883
508097242 16384
508113626 8192
508121818 512
508122330 128
508122458 32
508122490 8
508122498 2
508113626 446274
508559900 1024
508560924 512
508561436 32
508561468 8
508561476 448883
509010359 4096
509014455 2048
509016503 1024
509017527 256
509017783 128
509017911 64
509017975 32
509018007 2
506533136 2946441
509479577 8192
509487769 4096
509491865 512
509492377 128
509492505 32
509492537 16
509492553 8
509010359 975229
509985588 8
509985596 4
509492561 982147
510474708 16384
510491092 4096
510495188 2048
510497236 256
510497492 64
510497556 32
510497588 8
510497596 4
504888521 6094668
510983189 32768
511015957 8192
511024149 4096
511028245 512
511028757 256
511029013 16
511029029 8
511029037 4
508561476 3018931
511580407 2
509018009 3047334
512065343 65536
512130879 16384
512147263 4096
512151359 512
512151871 256
512152127 64
512152191 4
512152195 1
500549081 12189336
512738417 4096
512742513 2048
512744561 256
512744817 64
512744881 16
512744897 2
512744899 1
501168561 12189336
513357897 1024
513358921 64
513358985 32
513359017 8
510983189 3011803
513994992 64
513995056 16
513995072 8
513995080 1
513995081 645301
514640382 8192
514648574 4096
514652670 512
514653182 256
514653438 128
514653566 16
514653582 2
513359025 1964294
515323319 8192
515331511 2048
515333559 1024
515334583 256
515334839 128
515334967 64
515335031 16
515335047 8
515335055 1
503814209 12189336
516003545 32768
516036313 2048
516038361 1024
516039385 512
516039897 128
504578865 12189336
516768201 512
516768713 256
516768969 32
516769001 16
516769017 8
516769025 645301
517414326 98304
517512630 8192
517520822 1024
517521846 512
517522358 128
517522486 64
517522550 32
517522582 8
517522590 4
517522594 2
515335056 2946441
518281497 16384
518297881 2048
518299929 1024
518300953 256
518301209 64
518301273 8
518301281 2
518301283 1
506906384 12189336
519095720 8192
519103912 1024
519104936 512
519105448 128
519105576 64
519105640 1
507700625 12189336
519889961 32768
519922729 8192
519930921 4096
519935017 1024
519936041 128
519936169 32
519936201 16
519936217 8
508561476 12189336
520750812 32768
520783580 8192
520791772 1024
520792796 512
520793308 256
520793564 32
520793596 4
509487769 12189336
521677105 1024
521678129 128
521678257 64
521678321 8
521678329 4
521678333 2
521678335 1
521678336 645301
522323637 252465
522576102 8192
522584294 4096
522588390 2048
522590438 512
522590950 32
522590982 16
522590998 8
522591006 2
522591008 1
522576102 953813
523529915 2048
523531963 128
523532091 64
523532155 32
523532187 8
523532195 4
523532199 2
523532091 970408
524502499 1
523532201 1964294
525496495 4096
525500591 1024
525501615 512
525502127 256
525502383 64
525502447 32
525502479 16
525502495 4
525502499 1
523532091 3000709
526532800 1
524502500 3047334
527549834 32768
527582602 8192
527590794 2048
527592842 1024
527593866 128
527593994 8
527594002 4
527594006 2
527594008 1
522591009 6094668
528685677 1024
528686701 32
528686733 2
528686735 1
517522596 12189336
529711932 98304
529810236 1024
529811260 256
529811516 64
529811580 16
529811596 4
506533136 24378672
530911808 32768
530944576 16384
530960960 8192
530969152 64
530969216 8
530969224 1
519936225 12189336
532125561 32768
532158329 1024
532159353 512
532159865 256
532160121 64
532160185 32
532160217 16
532160233 8
532160241 982147
533142388 206097
533348485 32768
533381253 2048
533383301 1024
533384325 512
533384837 256
533385093 128
533385221 32
533385253 16
533385269 8
533385277 4
533385281 2
533385283 1
522323637 12189336
534512973 131682
534644655 256
534644911 64
534644975 16
534644991 4
534644995 1
529811600 6094668
535906268 32768
535939036 512
535939548 256
535939804 128
535939932 64
535939996 16
535940012 8
535940020 4
535940024 1
512744900 24378672
537123572 142018
537265590 4096
537269686 1024
537270710 256
537270966 32
537270998 16
537271014 8
537271022 2
537271024 1
513995081 24378672
538373753 252465
538626218 8192
538634410 4096
538638506 128
538638634 16
538638650 4
538638654 2
527594009 12189336
539783345 252465
540035810 4096
540039906 2048
540041954 1024
540042978 512
540043490 64
540043554 16
540043570 8
540043578 4
540043582 2
538373753 3047334
541421087 32768
541453855 16384
541470239 8192
541478431 4096
541482527 2048
541484575 1024
541485599 512
541486111 256
541486367 64
541486431 32
541486463 16
541486479 2
539783345 3047334
542830679 135253
542965932 2048
542967980 32
542968012 8
542968020 4
542968024 1
541453855 3035044
544488899 1
542968025 3047334
546015359 32768
546048127 1024
546049151 512
546049663 128
546049791 4
546049795 1
541486481 6094668
547581149 65536
547646685 4096
547650781 512
547651293 64
547651357 32
547651389 16
547651405 4
500494209 48757344
549251553 32768
549284321 8192
549292513 1024
549293537 512
549294049 256
549294305 128
549294433 8
502205225 48757344
550962569 16384
550978953 512
550979465 128
550979593 4
550979597 2
550979599 1
503814209 48757344
552571553 135253
552706806 512
552707318 256
552707574 16
552707590 8
552707598 2
505503716 48757344
554261060 206097
554467157 8192
554475349 2048
554477397 1024
554478421 512
554478933 128
554479061 64
554479125 32
554479157 4
554261060 1964294
556225354 65536
556290890 4096
556294986 16
556295002 4
556295006 2
556295008 1
509018009 48757344
557775353 327490
558102843 32768
558135611 16384
558151995 2048
558154043 1024
558155067 512
558155579 256
558155835 32
558155867 8
558155875 1
547651409 12189336
559840745 206097
560046842 8192
560055034 4096
560059130 2048
560061178 1024
560062202 256
560062458 32
560062490 8
560062498 2
560046842 1964294
562011136 4096
562015232 256
562015488 128
562015616 8
562015624 1
562015625 1964294
563979919 32768
564012687 2048
564014735 1024
564015759 128
564015887 64
564015951 32
564015983 16
564015999 2
564016001 1964294
565980295 65536
566045831 16384
566062215 2048
566064263 64
566064327 32
566064359 16
566064375 8
566064383 1
562015625 6094668
568110293 32768
568143061 16384
568159445 2048
568161493 32
568161525 8
568161533 2
568161535 1
558102843 12189336
570292179 8192
570300371 4096
570304467 2048
570306515 1024
570307539 512
570308051 128
570308179 32
570308211 8
570308219 4
570308223 2
523532201 48757344
572289545 206097
572495642 8192
572503834 1024
572504858 256
572505114 64
572505178 32
572505210 8
572505218 4
572505222 2
572505224 1
572505225 1964294
574469519 252465
574721984 16384
574738368 8192
574746560 4096
574750656 2048
574752704 512
574753216 64
574753280 32
574753312 4
552571553 24378672
576950225 98304
577048529 4096
577052625 512
577053137 128
577053265 16
577053281 2
577053283 1
577053284 1964294
579017578 327490
579345068 32768
579377836 16384
579394220 8192
579402412 2048
579404460 1024
579405484 256
579405740 128
579405868 32
579405900 16
579405916 4
579405920 1
579405921 1964294
581370215 327490
581697705 98304
581796009 8192
581804201 4096
581808297 2048
581810345 1024
581811369 512
581811881 128
581812009 16
559840745 24378672
584219417 32768
584252185 16384
584268569 2048
584270617 1024
584271641 512
584272153 128
584272281 64
584272345 32
584272377 16
584272393 4
584272397 2
584272399 1
574469519 12189336
586658855 126976
586785831 1024
586786855 512
586787367 256
586787623 128
586787751 64
586787815 32
586787847 8
586787855 1
577053284 12189336
589242620 114688
589357308 1024
589358332 512
589358844 256
589359100 64
589359164 32
589359196 8
589359204 4
589359208 1
542968025 48757344
591725369 252465
591977834 8192
591986026 1024
591987050 128
591987178 64
591987242 32
591987274 4
591987278 2
591987280 1
591725369 2946441
594671810 1024
594672834 64
594672898 2
499762776 97514688
597277464 137837
597415301 1024
597416325 512
597416837 32
597416869 16
597416885 8
597416893 4
597416897 2
597416899 1
502547216 97514688
600061904 148783
600210687 8192
600218879 1024
600219903 128
600220031 64
600220095 16
600220111 8
600220119 2
600061904 3021392
603083296 64
603083360 32
603083392 16
603083408 1
581370215 24378672
605748887 252465
606001352 4096
606005448 2048
606007496 64
606007560 32
606007592 16
606007608 8
606007616 2979209
608986825 4096
608990921 2048
608992969 512
608993481 64
608993545 32
608993577 16
608993593 4
608993597 2
608993599 1
608993600 3047334
612040934 1024
612041958 256
612042214 8
612042222 2
612042224 1
612042225 3047334
615089559 32768
615122327 16384
615138711 8192
615146903 4096
615150999 2048
615153047 1024
615154071 256
615154327 32
615154359 2
520793600 97514688
618308288 16384
618324672 4096
618328768 2048
618330816 64
618330880 4
618330884 3047334
621378218 177440
621555658 16384
621572042 512
621572554 64
621572618 32
621572650 16
621572666 8
621572674 2
621572676 3047334
624620010 252465
624872475 4096
624876571 2048
624878619 1024
624879643 512
624880155 256
624880411 128
624880539 64
624880603 16
624880619 4
624880623 2
579405921 48757344
628163265 65536
628228801 16384
628245185 8192
628253377 2048
628255425 128
628255553 64
628255617 8
628255625 3047334
631302959 327490
631630449 65536
631695985 2048
631698033 512
631698545 16
631698561 8
631698569 4
631698573 2
631698575 1
537271025 97514688
634785713 327490
635113203 65536
635178739 16384
635195123 8192
635203315 4096
635207411 2048
635209459 512
635209971 256
635210227 128
635210355 16
635210371 8
635210379 4
635210383 1
635210384 3047334
638257718 448883
638706601 65536
638772137 16384
638788521 2048
638790569 1024
638791593 256
638791849 64
638791913 32
638791945 16
544488900 97514688
642003588 327490
642331078 98304
642429382 8192
642437574 4096
642441670 2048
642443718 256
642443974 128
642444102 64
642444166 32
642444198 16
642444214 8
642444222 2
642444224 1
597277464 48757344
646034808 132669
646167477 512
646167989 64
646168053 32
646168085 8
646168093 4
646168097 2
646168099 1
624880625 24378672
649259297 645301
649904598 32768
649937366 16384
649953750 8192
649961942 2048
649963990 512
649964502 8
649964510 4
649964514 2
556295009 97514688
653809697 16384
653826081 8192
653834273 128
653834401 8
608993600 48757344
657750944 16384
657767328 8192
657775520 2048
657777568 1024
657778592 128
657778720 1
564016001 97514688
661530689 252465
661783154 8192
661791346 4096
661795442 2048
661797490 512
661798002 256
661798258 128
661798386 8
661798394 4
661798398 2
568161536 97514688
665676224 206097
665882321 8192
665890513 2048
665892561 1024
665893585 512
665894097 256
665894353 32
665894385 8
665894393 4
665894397 2
665894399 1
572505225 97514688
670019913 32768
670052681 8192
670060873 4096
670064969 2048
670067017 512
670067529 128
670067657 16
670067673 8
649937366 24378672
674316038 2048
674318086 1024
674319110 64
674319174 32
674319206 2
674319208 1
653834409 24378672
678213081 327490
678540571 98304
678638875 8192
678647067 2048
678649115 512
678649627 256
678649883 64
678649947 8
678649955 1
487573440 195029376
682602816 448883
683051699 8192
683059891 512
683060403 256
683060659 128
683060787 64
683060851 32
683060883 16
683060899 1
638791961 48757344
687549305 2048
687551353 1024
687552377 512
687552889 128
687553017 8
642444225 48757344
691201569 645301
691846870 252465
692099335 16384
692115719 8192
692123911 2048
692125959 1024
692126983 256
692127239 64
692127303 16
692127319 2
501625625 195029376
696655001 129024
696784025 512
696784537 128
696784665 64
696784729 32
696784761 16
696784777 4
696784781 2
696784783 1
506175225 195029376
701204601 252465
701457066 65536
701522602 2048
701524650 1024
701525674 512
701526186 128
701526314 64
701526378 32
701526410 4
701526414 2
511029041 195029376
706058417 252465
706310882 32768
706343650 8192
706351842 1024
706352866 256
706353122 64
706353186 32
706353218 4
706353222 2
706353224 1
516040025 195029376
711069401 177440
711246841 16384
711263225 2048
711265273 512
711265785 256
711266041 128
711266169 32
711266201 16
711266217 8
691846870 24378672
716225542 32768
716258310 4096
716262406 2048
716264454 1024
716265478 512
716265990 256
716266246 128
716266374 32
716266406 16
716266422 8
716266430 4
716266434 2
696784784 24378672
721163456 177440
721340896 8192
721349088 4096
721353184 1024
721354208 512
721354720 128
721354848 32
721354880 4
530969225 195029376
725998601 448883
726447484 65536
726513020 16384
726529404 2048
726531452 1024
726532476 64
726532540 32
726532572 16
726532588 8
726532596 4
726532600 1
682602816 48757344
731360160 327490
731687650 98304
731785954 8192
731794146 4096
731798242 2048
731800290 256
731800546 64
731800610 8
731800618 4
731800622 2
731800624 1
541486481 195029376
736515857 642707
737158564 1024
737159588 256
737159844 128
737159972 16
737159988 8
737159996 4
736515857 6094668
742610525 1024
742611549 128
742611677 64
742611741 32
742611773 2
742611775 1
552707600 195029376
747736976 327490
748064466 65536
748130002 16384
748146386 8192
748154578 2048
748156626 256
748156882 64
748156946 32
748156978 16
748156994 8
748157002 4
748157006 2
748157008 1
558155876 195029376
753185252 448883
753634135 159729
753793864 2048
753795912 512
753796424 256
753796680 64
753796744 16
753796760 1
661798400 97514688
759313088 206097
759519185 8192
759527377 4096
759531473 512
759531985 64
759532049 32
759532081 16
759532097 2
759532099 1
570308225 195029376
765337601 16384
765353985 8192
765362177 1024
765363201 512
765363713 256
765363969 128
765364097 2
765364099 1
721354884 48757344
770112228 982147
771094375 177440
771271815 16384
771288199 4096
771292295 1024
771293319 512
771293831 8
771293839 2
771094375 6094668
777189043 132669
777321712 512
777322224 128
777322352 32
777322384 16
777322400 8
777322408 1
777322409 6094668
783417077 32768
783449845 1024
783450869 16
783450885 8
783450893 2
783450895 1
692127321 97514688
789642009 32768
789674777 4096
789678873 1024
789679897 256
789680153 128
789680281 64
789680345 32
789680377 16
789680393 4
789680397 2
789680399 1
789680400 6094668
795775068 206097
795981165 16384
795997549 8192
796005741 4096
796009837 2048
796011885 128
796012013 8
796012021 4
753634135 48757344
802391479 32768
802424247 16384
802440631 4096
802444727 2048
802446775 64
802446839 32
802446871 8
802446879 2
711266225 97514688
808780913 203373
808984286 1024
808985310 512
808985822 256
808986078 4
808986082 2
808986084 6094668
815080752 448883
815529635 98304
815627939 2048
815629987 512
815630499 256
815630755 1
815630756 6094668
821725424 645301
822370725 8192
822378917 2048
822380965 1024
822381989 32
822382021 4
731687650 97514688
829202338 32768
829235106 4096
829239202 1024
829240226 512
829240738 256
829240994 16
829241010 8
829241018 4
829241022 2
829241024 1
829241025 6094668
835335693 645301
835980994 206097
836187091 16384
836203475 4096
836207571 1024
836208595 256
836208851 32
836208883 8
836208891 4
836208895 1
836208896 6094668
842303564 982147
843285711 1024
843286735 32
843286767 16
843286783 1
843286784 6094668
849381452 982147
850363599 98304
850461903 8192
850470095 4096
850474191 1024
850475215 512
850475727 64
850475791 32
850475823 16
850475839 2
808986084 48757344
857743428 32768
857776196 1024
857777220 4
857777224 1
670067681 195029376
865097057 65536
865162593 16384
865178977 8192
865187169 4096
865191265 512
865191777 256
865192033 64
865192097 2
865192099 1
865192100 6094668
871286768 982147
872268915 448883
872717798 2048
872719846 1024
872720870 512
872721382 128
872721510 64
872721574 32
872721606 16
872721622 8
872721630 4
872721634 2
872721636 6094668
878816304 982147
879798451 448883
880247334 114688
880362022 4096
880366118 512
880366630 256
880366886 64
880366950 32
880366982 16
880366998 8
880367006 2
880367008 1
789680400 97514688
887195088 645301
887840389 252465
888092854 32768
888125622 2048
888127670 1024
888128694 512
888129206 128
888129334 64
888129398 2
888129400 1
505832225 390058752
895890977 114688
896005665 4096
896009761 128
896009889 64
896009953 32
896009985 8
896009993 4
896009997 2
896009999 1
513359025 390058752
903417777 448883
903866660 142018
904008678 1024
904009702 256
904009958 32
904009990 8
904009998 2
521678336 390058752
911737088 327490
912064578 65536
912130114 256
912130370 128
912130498 64
912130562 32
912130594 4
912130598 2
912130600 1
895890977 24378672
920269649 98304
920367953 4096
920372049 512
920372561 256
920372817 128
920372945 64
538638656 390058752
928697408 32768
928730176 8192
928738368 64
928738432 4
888129401 48757344
936886745 327490
937214235 8192
937222427 4096
937226523 1024
937227547 512
937228059 32
937228091 8
937228099 1
896010000 48757344
944767344 982147
945749491 65536
945815027 16384
945831411 8192
945839603 2048
945841651 1024
945842675 512
945843187 32
945843219 4
945843223 2
759532100 195029376
954561476 16384
954577860 4096
954581956 2048
954584004 1024
954585028 8
954585036 4
954585040 1
865192100 97514688
962706788 645301
963352089 98304
963450393 4096
963454489 256
963454745 32
963454777 4
963454781 2
963454783 1
777322409 195029376
972351785 98304
972450089 2048
972452137 1024
972453161 512
972453673 16
972453689 4
972453693 2
972453695 1
589359209 390058752
979417961 1964294
981382255 177440
981559695 16384
981576079 4096
981580175 2048
981582223 512
981582735 256
981582991 32
981583023 2
795775068 195029376
990804444 32768
990837212 4096
990841308 2048
990843356 512
990843868 128
990843996 16
990844012 8
990844020 4
990844024 1
500000001 499999993
999999994 4
999999998 1
