1479
1 1
1 2
1 3
1 4
1 5
2 6
5 8
8 8
5 16
3 21
1 24
1 25
1 26
4 27
1 31
1 32
1 33
1 34
1 35
1 36
1 37
1 38
2 39
1 41
1 42
1 43
1 44
1 45
2 46
1 48
2 49
1 51
1 52
2 53
1 55
1 56
1 57
1 58
1 59
1 60
2 61
1 63
2 64
3 66
1 69
3 70
1 73
1 74
1 75
1 76
1 77
1 78
1 79
1 80
1 81
1 82
1 83
2 84
1 86
1 87
1 88
2 89
1 91
1 92
1 93
1 94
1 95
1 96
1 97
2 98
1 100
1 101
1 102
1 103
4 104
1 108
1 109
1 110
1 111
1 112
1 113
2 114
1 116
2 117
1 119
1 120
1 121
2 122
1 124
1 125
1 126
1 127
1 128
1 129
1 130
1 131
1 132
1 133
1 134
1 135
1 136
1 137
2 138
1 140
1 141
1 142
1 143
1 144
1 145
1 146
1 147
1 148
1 149
1 150
1 151
1 152
1 153
1 154
1 155
1 156
1 157
1 158
1 159
1 160
82 82
6 164
2 170
1 172
88 88
1 176
3 177
5 180
2 185
1 187
96 96
2 192
100 100
1 200
102 102
2 204
1 206
4 207
1 211
1 212
1 213
2 214
2 216
1 218
1 219
2 220
1 222
113 113
1 226
1 227
3 228
2 231
1 233
3 234
4 237
1 241
1 242
1 243
8 243
127 127
1 254
1 255
130 130
132 132
2 264
1 266
2 267
1 269
1 270
1 271
2 272
1 274
1 275
2 276
1 278
141 141
2 282
1 284
1 285
2 286
1 288
1 289
1 290
2 291
1 293
149 149
3 298
1 301
2 302
2 304
2 306
3 308
2 311
1 313
2 314
1 316
2 317
5 319
2 324
2 326
16 319
3 335
1 338
1 339
1 340
1 341
1 342
1 343
1 344
2 345
2 347
1 349
1 350
1 351
1 352
1 353
1 354
4 355
2 359
3 361
3 364
1 367
1 368
188 188
1 376
256 256
98 512
119 610
377 610
13 987
512 512
344 987
266 1331
131 1597
1024 1024
149 2048
987 1597
160 2584
610 2744
21 3354
2048 2048
1597 2584
729 4181
3 4910
729 4913
188 5642
2 5830
2584 4181
94 6765
1024 6859
117 7883
4096 4096
1024 8192
45 9216
1331 9261
56 10592
298 10648
1024 10946
194 11970
3 12164
1597 12167
60 13764
1728 13824
73 15552
8192 8192
1024 16384
164 17408
4 17572
135 17576
1728 17711
244 19439
2197 19683
70 21880
2 21950
2197 21952
237 24149
3 24386
2584 24389
27 26973
10946 17711
5642 24149
16384 16384
2744 32768
377 35512
48 35889
3354 35937
13 39291
3375 39304
194 42679
2 42873
17711 28657
288 46368
3375 46656
610 50031
8 50641
4 50649
4181 50653
38 54834
4181 54872
266 59053
4181 59319
377 63500
122 63877
1 63999
4913 64000
8 68913
4913 68921
254 73834
28657 46368
4181 75025
301 79206
5642 79507
35 85149
5832 85184
109 91016
5832 91125
377 96957
2 97334
5832 97336
610 103168
45 103778
6765 103823
4 110588
6859 110592
194 117451
4 117645
46368 75025
3375 121393
231 124768
1 124999
5832 125000
237 130832
2 131069
6 131071
3 131077
5 131080
8 131085
13 131093
21 131106
34 131127
55 131161
89 131216
144 131305
233 131449
377 131682
7883 124768
610 132059
987 132669
1597 133656
2584 135253
2744 137837
27 140581
4181 137837
6765 142018
94 148783
8192 148877
377 157069
16 157446
2 157462
10946 148783
5832 159729
729 165561
84 166290
1 166374
9216 166375
25 175591
17711 159729
6859 177440
729 184299
164 185028
1 185192
9261 185193
610 194454
48 195064
75025 121393
8192 196418
729 204610
39 205339
1 205378
28657 177440
9261 206097
610 215358
32 215968
10946 216000
35 226946
10946 226981
377 237927
24 238304
10946 238328
729 249274
44 250003
46368 206097
9261 252465
377 261726
41 262103
12167 262144
314 274311
12167 274625
610 286792
94 287402
12167 287496
1024 299663
76 300687
12167 300763
1331 312930
170 314261
1 314431
79507 238304
75025 252465
1000 327490
16 328490
3 328506
13824 328509
610 342333
57 342943
13824 343000
1024 356824
63 357848
13824 357911
1331 371735
180 373066
2 373246
15625 373248
144 388873
15625 389017
512 404642
70 405154
16384 405224
267 421608
16384 421875
610 438259
104 438869
3 438973
121393 327490
6859 448883
729 455742
61 456471
1 456532
17711 456533
308 474244
17711 474552
729 492263
46 492992
1 493038
17711 493039
1024 510750
226 511774
19439 512000
2 531439
19683 531441
244 551124
19683 551368
729 571051
6 571780
1 571786
19683 571787
1024 591470
207 592494
3 592701
19683 592704
1728 612387
8 614115
2 614123
21880 614125
51 636005
196418 448883
12167 645301
1024 657468
8 658492
3 658500
21952 658503
1000 680455
16 681455
1 681471
68913 636056
21952 704969
2048 726921
31 728969
24389 729000
180 753389
2 753569
24389 753571
610 777960
117 778570
1 778687
24389 778688
1024 803077
256 804101
24389 804357
1728 828746
110 830474
24389 830584
2197 854973
204 857170
1 857374
27000 857375
361 884375
27000 884736
729 911736
207 912465
1 912672
27000 912673
1331 939673
188 941004
317811 645301
25 963112
138 963137
101 963275
55 963376
49 963431
154 963480
74 963634
45 963708
80 963753
160 963833
55 963993
121 964048
27 964169
116 964196
70 964312
101 964382
145 964483
130 964628
98 964758
100 964856
116 964956
113 965072
130 965185
156 965315
82 965471
53 965553
151 965606
153 965757
137 965910
126 966047
102 966173
81 966275
130 966356
86 966486
58 966572
36 966630
141 966666
32 966807
140 966839
109 966979
112 967088
81 967200
152 967281
59 967433
70 967492
129 967562
77 967691
152 967768
78 967920
39 967998
79 968037
24 968116
42 968140
82 968182
34 968264
138 968298
52 968436
82 968488
58 968570
33 968628
155 968661
149 968816
87 968965
76 969052
157 969128
147 969285
122 969432
112 969554
128 969666
49 969794
37 969843
79 969880
38 969959
44 969997
120 970041
25 970161
94 970186
113 970186
112 970299
158 970411
51 970569
103 970620
84 970723
140 970807
137 970947
31 971084
35 971115
128 971150
121 971278
41 971399
91 971440
66 971531
136 971597
125 971733
26 971858
61 971884
120 971945
73 972065
100 972138
161 972238
44 972399
102 972443
57 972545
119 972602
74 972721
117 972795
32 972912
83 972944
102 973027
142 973129
157 973271
141 973428
73 973569
87 973642
159 973729
159 973888
69 974047
45 974116
122 974161
134 974283
110 974417
79 974527
144 974606
79 974750
94 974829
133 974923
42 975056
93 975098
38 975191
136 975229
130 975365
95 975495
25 975590
156 975615
32 975771
127 975803
75 975930
125 976005
138 976130
124 976268
56 976392
48 976448
153 976496
66 976649
121 976715
100 976836
69 976936
45 977005
46 977050
153 977096
114 977249
102 977363
112 977465
119 977577
78 977696
141 977774
45 977915
136 977960
36 978096
143 978132
161 978275
126 978436
38 978562
73 978600
97 978673
79 978770
60 978849
136 978909
63 979045
124 979108
44 979232
49 979276
116 979325
38 979441
58 979479
150 979537
116 979687
43 979803
137 979846
143 979983
83 980126
59 980209
152 980268
128 980420
88 980548
144 980636
24 980780
103 980804
135 980907
94 981042
141 981136
86 981277
64 981363
111 981427
32 981538
41 981570
144 981611
73 981755
143 981828
125 981971
51 982096
26973 973027
29791 1000000
377 1029791
133 1030168
29791 1030301
1024 1060092
92 1061116
29791 1061208
1728 1090999
29791 1092727
2197 1122518
149 1124715
29791 1124864
2744 1154655
226 1157399
32768 1157625
610 1190393
13 1191003
32768 1191016
1024 1223784
234 1224808
1 1225042
32768 1225043
1728 1257811
173 1259539
32768 1259712
2197 1292480
352 1294677
35937 1295029
34 1330966
35937 1331000
610 1366937
84 1367547
35937 1367631
1331 1403568
27 1404899
2 1404926
35937 1404928
1728 1440865
304 1442593
35937 1442897
2584 1478834
126 1481418
39304 1481544
27 1520848
39304 1520875
610 1560179
104 1560789
3 1560893
39304 1560896
1331 1600200
82 1601531
39304 1601613
2048 1640917
66 1642965
1 1643031
39304 1643032
2744 1682336
79 1685080
42679 1685159
161 1727838
1 1727999
42875 1728000
610 1770875
76 1771485
42875 1771561
1331 1814436
81 1815767
42875 1815848
2048 1858723
96 1860771
42875 1860867
2744 1903742
138 1906486
46368 1906624
133 1952992
46656 1953125
512 1999781
83 2000293
46656 2000376
1331 2047032
16 2048363
4 2048379
46656 2048383
2048 2095039
64 2097087
1 2097151
46656 2097152
2744 2143808
137 2146552
50031 2146689
279 2196720
1 2196999
50653 2197000
377 2247653
61 2248030
857375 1442593
50653 2299968
1728 2350621
288 2352349
50653 2352637
2744 2403290
70 2406034
50653 2406104
3375 2456757
243 2460132
54872 2460375
207 2515247
2 2515454
54872 2515456
1024 2570328
1 2571352
54872 2571353
1728 2626225
119 2627953
54872 2628072
2584 2682944
91 2685528
54872 2685619
3375 2740491
134 2743866
59053 2744000
164 2803053
4 2803217
59319 2803221
729 2862540
16 2863269
3 2863285
59319 2863288
1597 2922607
3 2924204
59319 2924207
2197 2983526
260 2985723
1 2985983
13824 2985984
369 2999808
104 3000177
117 3000281
314 3000398
234 3000712
157 3000946
220 3001103
290 3001323
152 3001613
354 3001765
267 3002119
326 3002386
350 3002712
350 3003062
255 3003412
241 3003667
201 3003908
328 3004109
278 3004437
234 3004715
355 3004949
109 3005304
364 3005413
180 3005777
352 3005957
124 3006309
102 3006433
114 3006535
301 3006649
344 3006950
369 3007294
351 3007663
269 3008014
361 3008283
89 3008644
349 3008733
91 3009082
227 3009173
142 3009400
223 3009542
219 3009765
319 3009984
222 3010303
350 3010525
206 3010875
155 3011081
282 3011236
285 3011518
132 3011803
136 3011935
376 3012071
128 3012447
243 3012575
207 3012818
338 3013025
120 3013363
291 3013483
234 3013774
286 3014008
254 3014294
328 3014548
251 3014876
353 3015127
176 3015480
311 3015656
269 3015967
285 3016236
289 3016521
306 3016810
138 3017116
368 3017254
369 3017622
140 3017991
293 3018131
276 3018424
231 3018700
256 3018931
95 3019187
149 3019282
153 3019431
159 3019584
304 3019743
126 3020047
244 3020173
185 3020417
214 3020602
237 3020816
339 3021053
364 3021392
97 3021756
284 3021853
335 3022137
207 3022472
278 3022679
213 3022957
267 3023170
160 3023437
172 3023597
201 3023769
275 3023970
194 3024245
286 3024439
156 3024725
145 3024881
288 3025026
226 3025314
211 3025540
341 3025751
294 3026092
149 3026386
204 3026535
359 3026739
192 3027098
284 3027290
132 3027574
153 3027706
341 3027859
290 3028200
345 3028490
133 3028835
194 3028968
251 3029162
364 3029413
304 3029777
143 3030081
340 3030224
92 3030564
114 3030656
349 3030770
187 3031119
317 3031306
129 3031623
313 3031752
271 3032065
200 3032336
126 3032536
367 3032662
255 3033029
269 3033284
271 3033553
103 3033824
304 3033927
242 3034231
173 3034473
302 3034646
96 3034948
288 3035044
228 3035332
260 3035560
290 3035820
188 3036110
324 3036298
316 3036622
98 3036938
244 3037036
264 3037280
241 3037544
237 3037785
256 3038022
148 3038278
218 3038426
342 3038644
148 3038986
343 3039134
266 3039477
146 3039743
127 3039889
298 3040016
275 3040314
231 3040589
91 3040820
158 3040911
308 3041069
270 3041377
104 3041647
170 3041751
274 3041921
108 3042195
347 3042303
164 3042650
94 3042814
313 3042908
306 3043221
212 3043527
286 3043739
177 3044025
266 3044202
173 3044468
132 3044641
194 3044773
275 3044967
194 3045242
272 3045436
147 3045708
298 3045855
109 3046153
279 3046262
302 3046541
367 3046843
124 3047210
1024 3047334
267 3048358
63500 3048625
8 3112125
3 3112133
979803 2196720
64000 3176523
1024 3240523
244 3241547
1 3241791
64000 3241792
2048 3305792
109 3307840
389017 2985983
64000 3375000
3375 3439000
512 3442375
64 3442887
68921 3442887
68921 3511808
729 3580729
119 3581458
68921 3581577
1728 3650498
38 3652226
68921 3652264
2584 3721185
104 3723769
2 3723873
68921 3723875
3375 3792796
244 3796171
1 3796415
68921 3796416
4181 3865337
369 3869518
6 3869887
74088 3869893
328 3943981
3 3944309
75025 3944312
342 4019337
75025 4019679
1024 4094704
272 4095728
1157625 3015656
75025 4173281
2744 4248306
377 4251050
101 4251427
79206 4251528
13 4330734
1728000 2682944
79507 4410944
1597 4490451
77 4492048
79507 4492125
2584 4571632
80 4574216
79507 4574296
3375 4653803
285 4657178
79507 4657463
4181 4736970
377 4741151
104 4741528
85149 4741632
27 4826781
1 4826808
85184 4826809
1000 4911993
6 4912993
1 4912999
85184 4913000
1728 4998184
298 4999912
1 5000210
85184 5000211
2744 5085395
308 5088139
1 5088447
85184 5088448
3375 5173632
610 5177007
100 5177617
85184 5177717
4913 5262901
207 5267814
3 5268021
91125 5268024
226 5359149
91125 5359375
1024 5450500
251 5451524
1 5451775
2515456 3029777
91125 5545233
3375 5636358
16 5639733
3 5639749
91125 5639752
4181 5730877
279 5735058
2 5735337
91125 5735339
4913 5826464
610 5831377
13 5831987
97336 5832000
377 5929336
27 5929713
1 5929740
97336 5929741
1331 6027077
160 6028408
97336 6028568
2197 6125904
377 6128101
8 6128478
1 6128486
97336 6128487
3375 6225823
306 6229198
97336 6229504
4181 6326840
512 6331021
92 6331533
103168 6331625
63 6434793
103823 6434856
512 6538679
8 6539191
4 6539199
103823 6539203
1597 6643026
49 6644623
103823 6644672
2744 6748495
27 6751239
3 6751266
103823 6751269
3375 6855092
512 6858467
21 6858979
103823 6859000
4913 6962823
135 6967736
103823 6967871
5832 7071694
361 7077526
1 7077887
110592 7077888
512 7188480
64 7188992
1 7189056
110592 7189057
1728 7299649
6 7301377
1 7301383
110592 7301384
2744 7411976
155 7414720
1600200 5929336
110592 7529536
4913 7640128
328 7645041
4 7645369
110592 7645373
5832 7755965
512 7761797
83 7762309
117649 7762392
512 7880041
46 7880553
117649 7880599
1728 7998248
24 7999976
117649 8000000
2744 8117649
207 8120393
1 8120600
121393 8120601
377 8241994
37 8242371
121393 8242408
1597 8363801
27 8365398
2 8365425
121393 8365427
2744 8486820
100 8489564
125000 8489664
377 8614664
84 8615041
125000 8615125
1597 8740125
94 8741722
125000 8741816
2744 8866816
180 8869560
3 8869740
125000 8869743
4096 8994743
73 8998839
1366937 7762392
24389 9129329
2197 9153718
59 9155915
103823 9155974
1024 9259797
177 9260821
2 9260998
9261000 9261000
18522000 18522000
37044000 37044000
74088000 74088000
148176000 148176000
148176000 296352000
37044000 444528000
9261000 481572000
9155974 490833000
10946 499988974
81 499999920
8 500000001
27 500000009
64 500000036
125 500000100
216 500000225
343 500000441
512 500000784
729 500001296
1000 500002025
1331 500003025
1728 500004356
2197 500006084
2744 500008281
3375 500011025
4096 500014400
4913 500018496
5832 500023409
6859 500029241
8000 500036100
9261 500044100
10648 500053361
12167 500064009
13824 500076176
15625 500090000
17576 500105625
19683 500123201
21952 500142884
24389 500164836
27000 500189225
29791 500216225
32768 500246016
35937 500278784
39304 500314721
42875 500354025
46656 500396900
50653 500443556
54872 500494209
59319 500549081
64000 500608400
68921 500672400
74088 500741321
79507 500815409
85184 500894916
91125 500980100
97336 501071225
103823 501168561
110592 501272384
117649 501382976
125000 501500625
132651 501625625
140608 501758276
148877 501898884
157464 502047761
166375 502205225
175616 502371600
185193 502547216
195112 502732409
205379 502927521
216000 503132900
226981 503348900
238328 503575881
250047 503814209
262144 504064256
274625 504326400
287496 504601025
300763 504888521
314432 505189284
328509 505503716
343000 505832225
357911 506175225
373248 506533136
389017 506906384
405224 507295401
421875 507700625
438976 508122500
456533 508561476
474552 509018009
493039 509492561
512000 509985600
531441 510497600
551368 511029041
571787 511580409
592704 512152196
614125 512744900
636056 513359025
658503 513995081
681472 514653584
704969 515335056
729000 516040025
753571 516769025
778688 517522596
804357 518301284
830584 519105641
857375 519936225
884736 520793600
912673 521678336
941192 522591009
970299 523532201
1000000 524502500
1030301 525502500
1061208 526532801
1092727 527594009
1124864 528686736
1157625 529811600
1191016 530969225
1225043 532160241
1259712 533385284
1295029 534644996
1331000 535940025
1367631 537271025
1404928 538638656
1442897 540043584
1481544 541486481
1520875 542968025
1560896 544488900
1601613 546049796
1643032 547651409
1685159 549294441
1728000 550979600
1771561 552707600
1815848 554479161
1860867 556295009
1906624 558155876
1953125 560062500
2000376 562015625
2048383 564016001
2097152 566064384
2146689 568161536
2197000 570308225
2248091 572505225
2299968 574753316
2352637 577053284
2406104 579405921
2460375 581812025
2515456 584272400
2571353 586787856
2628072 589359209
2685619 591987281
2744000 594672900
2803221 597416900
2863288 600220121
2924207 603083409
2985984 606007616
3048625 608993600
3112136 612042225
3176523 615154361
3241792 618330884
3307949 621572676
3375000 624880625
3442951 628255625
3511808 631698576
3581577 635210384
3652264 638791961
3723875 642444225
3796416 646168100
3869893 649964516
3944312 653834409
4019679 657778721
4096000 661798400
4173281 665894400
4251528 670067681
4330747 674319209
4410944 678649956
4492125 683060900
4574296 687553025
4657463 692127321
4741632 696784784
4826809 701526416
4913000 706353225
5000211 711266225
5088448 716266436
5177717 721354884
5268024 726532601
5359375 731800625
5451776 737160000
5545233 742611776
5639752 748157009
5735339 753796761
5832000 759532100
5929741 765364100
6028568 771293841
6128487 777322409
6229504 783450896
6331625 789680400
6434856 796012025
6539203 802446881
6644672 808986084
6751269 815630756
6859000 822382025
6967871 829241025
7077888 836208896
7189057 843286784
7301384 850475841
7414875 857777225
7529536 865192100
7645373 872721636
7762392 880367009
7880599 888129401
8000000 896010000
8120601 904010000
8242408 912130601
8365427 920373009
8489664 928738436
8615125 937228100
8741816 945843225
8869743 954585041
8998912 963454784
9129329 972453696
9261000 981583025
9155974 990844025
