2093
1 1
1 2
1 3
1 4
1 5
1 6
1 7
1 8
1 9
1 10
1 11
1 12
1 13
1 14
1 15
1 16
1 17
1 18
1 19
1 20
1 21
1 22
1 23
1 24
1 25
1 26
1 27
1 28
1 29
1 30
1 31
1 32
1 33
1 34
1 35
1 36
1 37
1 38
1 39
1 40
1 41
1 42
1 43
1 44
1 45
1 46
1 47
1 48
1 49
1 50
1 51
1 52
1 53
1 54
1 55
1 56
1 57
1 58
1 59
1 60
1 61
1 62
1 63
1 64
1 65
1 66
1 67
1 68
1 69
1 70
1 71
1 72
1 73
1 74
1 75
1 76
1 77
1 78
1 79
1 80
1 81
1 82
1 83
1 84
1 85
1 86
1 87
1 88
1 89
1 90
1 91
1 92
1 93
1 94
1 95
1 96
1 97
1 98
1 99
1 100
1 101
1 102
1 103
1 104
1 105
1 106
1 107
1 108
1 109
1 110
1 111
1 112
1 113
1 114
1 115
1 116
1 117
1 118
1 119
1 120
1 121
1 122
1 123
1 124
1 125
1 126
1 127
1 128
1 129
1 130
1 131
1 132
1 133
1 134
1 135
1 136
1 137
1 138
1 139
1 140
1 141
1 142
1 143
1 144
1 145
1 146
1 147
1 148
1 149
1 150
1 151
1 152
1 153
1 154
1 155
1 156
1 157
1 158
1 159
1 160
1 161
1 162
1 163
1 164
1 165
1 166
1 167
1 168
1 169
1 170
1 171
1 172
1 173
1 174
1 175
1 176
1 177
1 178
1 179
1 180
1 181
1 182
1 183
1 184
1 185
1 186
1 187
1 188
1 189
1 190
1 191
1 192
1 193
194 62
256 256
512 512
1024 1024
2048 2048
4096 4096
8192 8192
16384 16384
32768 32768
65536 32768
98304 16384
114688 8192
122880 4096
126976 2048
129024 1024
130048 512
130560 256
130816 194
131010 61
131071 6
131077 3
131080 5
131085 8
131093 13
131106 21
131127 34
131161 55
131216 89
131305 144
131449 194
131643 39
131682 256
131938 121
132059 512
132571 98
132669 512
133181 256
133437 194
133631 25
133656 1024
134680 512
135192 61
135253 2048
137301 512
137813 24
137837 4096
141933 85
142018 4096
146114 2048
148162 512
148674 109
148783 8192
156975 2048
159023 512
159535 194
159729 16384
176113 1024
177137 256
177393 47
177440 16384
193824 8192
202016 2048
204064 1024
205088 512
205600 256
205856 194
206050 47
206097 32768
238865 8192
247057 4096
251153 1024
252177 256
252433 32
252465 65536
318001 8192
326193 1024
327217 256
327473 17
327490 114688
442178 4096
446274 2048
448322 512
448834 49
448883 193824
642707 2048
644755 512
645267 34
645301 252465
897766 32768
930534 16384
946918 8192
955110 4096
959206 2048
961254 1024
962278 512
962790 256
963046 66
963112 25
963137 138
963275 101
963376 55
963431 49
963480 154
963634 74
963708 45
963753 80
963833 160
963993 55
964048 121
964169 27
964196 116
964312 70
964382 101
964483 145
964628 130
964758 98
964856 100
964956 116
965072 113
965185 130
965315 156
965471 82
965553 53
965606 151
965757 153
965910 137
966047 126
966173 102
966275 81
966356 130
966486 86
966572 58
966630 36
966666 141
966807 32
966839 140
966979 109
967088 112
967200 81
967281 152
967433 59
967492 70
967562 129
967691 77
967768 152
967920 78
967998 39
968037 79
968116 24
968140 42
968182 82
968264 34
968298 138
968436 52
968488 82
968570 58
968628 33
968661 155
968816 149
968965 87
969052 76
969128 157
969285 147
969432 122
969554 112
969666 128
969794 49
969843 37
969880 79
969959 38
969997 44
970041 120
970161 25
970186 94
970280 131
970411 158
970569 51
970620 103
970723 84
970807 140
970947 137
971084 31
971115 35
971150 128
971278 121
971399 41
971440 91
971531 66
971597 136
971733 125
971858 26
971884 61
971945 120
972065 73
972138 100
972238 161
972399 44
972443 102
972545 57
972602 119
972721 74
972795 117
972912 32
972944 83
973027 102
973129 142
973271 157
973428 141
973569 73
973642 87
973729 159
973888 159
974047 69
974116 45
974161 122
974283 134
974417 110
974527 79
974606 144
974750 79
974829 94
974923 133
975056 42
975098 93
975191 38
975229 136
975365 130
975495 95
975590 25
975615 156
975771 32
975803 127
975930 75
976005 125
976130 138
976268 124
976392 56
976448 48
976496 153
976649 66
976715 121
976836 100
976936 69
977005 45
977050 46
977096 153
977249 114
977363 102
977465 112
977577 119
977696 78
977774 141
977915 45
977960 136
978096 36
978132 143
978275 161
978436 126
978562 38
978600 73
978673 97
978770 79
978849 60
978909 136
979045 63
979108 124
979232 44
979276 49
979325 116
979441 38
979479 58
979537 150
979687 116
979803 43
979846 137
979983 143
980126 83
980209 59
980268 152
980420 128
980548 88
980636 144
980780 24
980804 103
980907 135
981042 94
981136 141
981277 86
981363 64
981427 111
981538 32
981570 41
981611 144
981755 73
981828 143
981971 125
982096 51
982147 982147
1964294 982147
2946441 32768
2979209 16384
2995593 4096
2999689 256
2999945 194
3000139 38
3000177 104
3000281 117
3000398 256
3000654 58
3000712 194
3000906 40
3000946 157
3001103 194
3001297 26
3001323 256
3001579 34
3001613 152
3001765 256
3002021 98
3002119 256
3002375 11
3002386 256
3002642 70
3002712 256
3002968 94
3003062 256
3003318 94
3003412 194
3003606 61
3003667 194
3003861 47
3003908 194
3004102 7
3004109 256
3004365 72
3004437 256
3004693 22
3004715 194
3004909 40
3004949 256
3005205 99
3005304 109
3005413 256
3005669 108
3005777 180
3005957 256
3006213 96
3006309 124
3006433 102
3006535 114
3006649 256
3006905 45
3006950 256
3007206 88
3007294 256
3007550 113
3007663 256
3007919 95
3008014 256
3008270 13
3008283 256
3008539 105
3008644 89
3008733 256
3008989 93
3009082 91
3009173 194
3009367 33
3009400 142
3009542 194
3009736 29
3009765 194
3009959 25
3009984 256
3010240 63
3010303 194
3010497 28
3010525 256
3010781 94
3010875 194
3011069 12
3011081 155
3011236 256
3011492 26
3011518 256
3011774 29
3011803 132
3011935 136
3012071 256
3012327 120
3012447 128
3012575 194
3012769 49
3012818 194
3013012 13
3013025 256
3013281 82
3013363 120
3013483 256
3013739 35
3013774 194
3013968 40
3014008 256
3014264 30
3014294 194
3014488 60
3014548 256
3014804 72
3014876 194
3015070 57
3015127 256
3015383 97
3015480 176
3015656 256
3015912 55
3015967 256
3016223 13
3016236 256
3016492 29
3016521 256
3016777 33
3016810 256
3017066 50
3017116 138
3017254 256
3017510 112
3017622 256
3017878 113
3017991 140
3018131 256
3018387 37
3018424 256
3018680 20
3018700 194
3018894 37
3018931 256
3019187 95
3019282 149
3019431 153
3019584 159
3019743 256
3019999 48
3020047 126
3020173 194
3020367 50
3020417 185
3020602 194
3020796 20
3020816 194
3021010 43
3021053 256
3021309 83
3021392 256
3021648 108
3021756 97
3021853 256
3022109 28
3022137 256
3022393 79
3022472 194
3022666 13
3022679 256
3022935 22
3022957 194
3023151 19
3023170 256
3023426 11
3023437 160
3023597 172
3023769 194
3023963 7
3023970 256
3024226 19
3024245 194
3024439 256
3024695 30
3024725 156
3024881 145
3025026 256
3025282 32
3025314 194
3025508 32
3025540 194
3025734 17
3025751 256
3026007 85
3026092 256
3026348 38
3026386 149
3026535 194
3026729 10
3026739 256
3026995 103
3027098 192
3027290 256
3027546 28
3027574 132
3027706 153
3027859 256
3028115 85
3028200 256
3028456 34
3028490 256
3028746 89
3028835 133
3028968 194
3029162 194
3029356 57
3029413 256
3029669 108
3029777 256
3030033 48
3030081 143
3030224 256
3030480 84
3030564 92
3030656 114
3030770 256
3031026 93
3031119 187
3031306 256
3031562 61
3031623 129
3031752 256
3032008 57
3032065 256
3032321 15
3032336 194
3032530 6
3032536 126
3032662 256
3032918 111
3033029 194
3033223 61
3033284 256
3033540 13
3033553 256
3033809 15
3033824 103
3033927 256
3034183 48
3034231 194
3034425 48
3034473 173
3034646 256
3034902 46
3034948 96
3035044 256
3035300 32
3035332 194
3035526 34
3035560 256
3035816 4
3035820 256
3036076 34
3036110 188
3036298 256
3036554 68
3036622 256
3036878 60
3036938 98
3037036 194
3037230 50
3037280 256
3037536 8
3037544 194
3037738 47
3037785 194
3037979 43
3038022 256
3038278 148
3038426 194
3038620 24
3038644 256
3038900 86
3038986 148
3039134 256
3039390 87
3039477 256
3039733 10
3039743 146
3039889 127
3040016 256
3040272 42
3040314 256
3040570 19
3040589 194
3040783 37
3040820 91
3040911 158
3041069 256
3041325 52
3041377 256
3041633 14
3041647 104
3041751 170
3041921 256
3042177 18
3042195 108
3042303 256
3042559 91
3042650 164
3042814 94
3042908 256
3043164 57
3043221 256
3043477 50
3043527 194
3043721 18
3043739 256
3043995 30
3044025 177
3044202 256
3044458 10
3044468 173
3044641 132
3044773 194
3044967 256
3045223 19
3045242 194
3045436 256
3045692 16
3045708 147
3045855 256
3046111 42
3046153 109
3046262 256
3046518 23
3046541 256
3046797 46
3046843 256
3047099 111
3047210 124
3047334 3047334
6094668 6094668
12189336 12189336
24378672 24378672
48757344 48757344
97514688 97514688
195029376 195029376
390058752 97514688
487573440 12189336
499762776 206097
499968873 16384
499985257 8192
499993449 4096
499997545 2048
499999593 256
499999849 152
500000001 8
500000009 27
500000036 64
500000100 125
500000225 194
500000419 22
500000441 256
500000697 87
500000784 512
500001296 512
500001808 194
500002002 23
500002025 512
500002537 256
500002793 194
500002987 38
500003025 1024
500004049 256
500004305 51
500004356 1024
500005380 512
500005892 192
500006084 2048
500008132 149
500008281 2048
500010329 512
500010841 184
500011025 2048
500013073 1024
500014097 256
500014353 47
500014400 4096
500018496 4096
500022592 512
500023104 256
500023360 49
500023409 4096
500027505 1024
500028529 512
500029041 194
500029235 6
500029241 4096
500033337 2048
500035385 512
500035897 194
500036091 9
500036100 4096
500040196 2048
500042244 1024
500043268 512
500043780 256
500044036 64
500044100 8192
500052292 1024
500053316 45
500053361 8192
500061553 2048
500063601 256
500063857 152
500064009 8192
500072201 2048
500074249 1024
500075273 512
500075785 256
500076041 135
500076176 8192
500084368 4096
500088464 1024
500089488 512
500090000 8192
500098192 4096
500102288 2048
500104336 1024
500105360 256
500105616 9
500105625 16384
500122009 1024
500123033 168
500123201 16384
500139585 2048
500141633 1024
500142657 194
500142851 33
500142884 16384
500159268 4096
500163364 1024
500164388 256
500164644 192
500164836 16384
500181220 4096
500185316 2048
500187364 1024
500188388 512
500188900 256
500189156 69
500189225 16384
500205609 8192
500213801 2048
500215849 256
500216105 120
500216225 16384
500232609 8192
500240801 4096
500244897 1024
500245921 95
500246016 32768
500278784 32768
500311552 2048
500313600 1024
500314624 97
500314721 32768
500347489 4096
500351585 2048
500353633 256
500353889 136
500354025 32768
500386793 8192
500394985 1024
500396009 512
500396521 256
500396777 123
500396900 32768
500429668 8192
500437860 4096
500441956 1024
500442980 512
500443492 64
500443556 32768
500476324 16384
500492708 1024
500493732 256
500493988 194
500494182 27
500494209 32768
500526977 16384
500543361 4096
500547457 1024
500548481 512
500548993 88
500549081 32768
500581849 16384
500598233 8192
500606425 1024
500607449 512
500607961 256
500608217 183
500608400 32768
500641168 16384
500657552 8192
500665744 4096
500669840 2048
500671888 512
500672400 65536
500737936 2048
500739984 1024
500741008 256
500741264 57
500741321 65536
500806857 8192
500815049 256
500815305 104
500815409 65536
500880945 8192
500889137 4096
500893233 1024
500894257 512
500894769 147
500894916 65536
500960452 16384
500976836 2048
500978884 1024
500979908 192
500980100 65536
501045636 16384
501062020 8192
501070212 512
501070724 256
501070980 194
501071174 51
501071225 65536
501136761 16384
501153145 8192
501161337 4096
501165433 2048
501167481 1024
501168505 56
501168561 98304
501266865 4096
501270961 1024
501271985 256
501272241 143
501272384 98304
501370688 8192
501378880 4096
501382976 114688
501497664 2048
501499712 512
501500224 256
501500480 145
501500625 122880
501623505 2048
501625553 72
501625625 132571
501758196 80
501758276 137837
501896113 2048
501898161 512
501898673 194
501898867 17
501898884 148783
502047667 94
502047761 156975
502204736 256
502204992 194
502205186 39
502205225 159729
502364954 4096
502369050 2048
502371098 256
502371354 194
502371548 52
502371600 159729
502531329 8192
502539521 4096
502543617 2048
502545665 1024
502546689 512
502547201 15
502547216 177440
502724656 4096
502728752 2048
502730800 1024
502731824 512
502732336 73
502732409 193824
502926233 1024
502927257 256
502927513 8
502927521 205088
503132609 256
503132865 35
503132900 206097
503338997 8192
503347189 1024
503348213 512
503348725 175
503348900 206097
503554997 16384
503571381 4096
503575477 256
503575733 148
503575881 206097
503781978 16384
503798362 8192
503806554 4096
503810650 2048
503812698 1024
503813722 256
503813978 194
503814172 37
503814209 247057
504061266 2048
504063314 512
504063826 256
504064082 174
504064256 252465
504316721 8192
504324913 1024
504325937 256
504326193 194
504326387 13
504326400 252465
504578865 16384
504595249 4096
504599345 1024
504600369 512
504600881 144
504601025 252465
504853490 32768
504886258 2048
504888306 194
504888500 21
504888521 252465
505140986 32768
505173754 8192
505181946 4096
505186042 2048
505188090 1024
505189114 170
505189284 252465
505441749 32768
505474517 16384
505490901 8192
505499093 4096
505503189 512
505503701 15
505503716 327490
505831206 512
505831718 256
505831974 194
505832168 57
505832225 327490
506159715 8192
506167907 4096
506172003 2048
506174051 1024
506175075 150
506175225 327490
506502715 16384
506519099 8192
506527291 4096
506531387 1024
506532411 512
506532923 194
506533117 19
506533136 327490
506860626 32768
506893394 8192
506901586 4096
506905682 512
506906194 190
506906384 327490
507233874 32768
507266642 16384
507283026 8192
507291218 4096
507295314 87
507295401 327490
507622891 65536
507688427 8192
507696619 2048
507698667 1024
507699691 512
507700203 256
507700459 166
507700625 327490
508028115 65536
508093651 16384
508110035 8192
508118227 4096
508122323 177
508122500 327490
508449990 98304
508548294 8192
508556486 4096
508560582 512
508561094 256
508561350 126
508561476 448883
509010359 4096
509014455 2048
509016503 1024
509017527 256
509017783 194
509017977 32
509018009 448883
509466892 16384
509483276 8192
509491468 1024
509492492 69
509492561 448883
509941444 32768
509974212 8192
509982404 2048
509984452 1024
509985476 124
509985600 448883
510434483 32768
510467251 16384
510483635 8192
510491827 4096
510495923 1024
510496947 512
510497459 141
510497600 448883
510946483 65536
511012019 16384
511028403 512
511028915 126
511029041 448883
511477924 98304
511576228 4096
511580324 85
511580409 448883
512029292 122880
512152172 24
512152196 448883
512601079 142018
512743097 1024
512744121 512
512744633 256
512744889 11
512744900 448883
513193783 159729
513353512 4096
513357608 1024
513358632 256
513358888 137
513359025 448883
513807908 177440
513985348 8192
513993540 1024
513994564 512
513995076 5
513995081 645301
514640382 8192
514648574 4096
514652670 512
514653182 256
514653438 146
514653584 645301
515298885 32768
515331653 2048
515333701 1024
515334725 256
515334981 75
515335056 645301
515980357 32768
516013125 16384
516029509 8192
516037701 2048
516039749 256
516040005 20
516040025 645301
516685326 65536
516750862 16384
516767246 1024
516768270 512
516768782 194
516768976 49
516769025 645301
517414326 98304
517512630 8192
517520822 1024
517521846 512
517522358 194
517522552 44
517522596 645301
518167897 133181
518301078 194
518301272 12
518301284 645301
518946585 159023
519105608 33
519105641 645301
519750942 177440
519928382 4096
519932478 2048
519934526 1024
519935550 512
519936062 163
519936225 645301
520581526 206097
520787623 4096
520791719 1024
520792743 512
520793255 256
520793511 89
520793600 645301
521438901 238865
521677766 512
521678278 58
521678336 897766
522576102 8192
522584294 4096
522588390 2048
522590438 512
522590950 59
522591009 930534
523521543 8192
523529735 2048
523531783 256
523532039 162
523532201 970280
524502481 19
524502500 982147
525484647 16384
525501031 1024
525502055 256
525502311 189
525502500 982147
526484647 32768
526517415 8192
526525607 4096
526529703 2048
526531751 1024
526532775 26
526532801 982147
527514948 65536
527580484 8192
527588676 4096
527592772 1024
527593796 194
527593990 19
527594009 982147
528576156 98304
528674460 8192
528682652 2048
528684700 1024
528685724 512
528686236 256
528686492 194
528686686 50
528686736 982147
529668883 142018
529810901 512
529811413 187
529811600 982147
530793747 159729
530953476 8192
530961668 4096
530965764 2048
530967812 1024
530968836 256
530969092 133
530969225 982147
531951372 206097
532157469 2048
532159517 512
532160029 194
532160223 18
532160241 982147
533142388 238865
533381253 2048
533383301 1024
533384325 512
533384837 256
533385093 191
533385284 982147
534367431 252465
534619896 16384
534636280 8192
534644472 512
534644984 12
534644996 982147
535627143 252465
535879608 32768
535912376 16384
535928760 8192
535936952 2048
535939000 1024
535940024 1
535940025 982147
536922172 327490
537249662 16384
537266046 4096
537270142 512
537270654 256
537270910 115
537271025 982147
538253172 327490
538580662 32768
538613430 16384
538629814 8192
538638006 512
538638518 138
538638656 982147
539620803 327490
539948293 65536
540013829 16384
540030213 8192
540038405 4096
540042501 1024
540043525 59
540043584 982147
541025731 448883
541474614 8192
541482806 2048
541484854 1024
541485878 512
541486390 91
541486481 982147
542468628 448883
542917511 32768
542950279 16384
542966663 1024
542967687 256
542967943 82
542968025 982147
543950172 448883
544399055 65536
544464591 16384
544480975 4096
544485071 2048
544487119 1024
544488143 512
544488655 194
544488849 51
544488900 982147
545471047 448883
545919930 129024
546048954 512
546049466 256
546049722 74
546049796 982147
547031943 448883
547480826 159729
547640555 8192
547648747 2048
547650795 512
547651307 102
547651409 982147
548633556 645301
549278857 8192
549287049 4096
549291145 2048
549293193 1024
549294217 194
549294411 30
549294441 982147
550276588 645301
550921889 32768
550954657 16384
550971041 8192
550979233 256
550979489 111
550979600 982147
551961747 645301
552607048 98304
552705352 2048
552707400 194
552707594 6
552707600 982147
553689747 645301
554335048 142018
554477066 2048
554479114 47
554479161 982147
555461308 645301
556106609 177440
556284049 8192
556292241 2048
556294289 512
556294801 194
556294995 14
556295009 982147
557277156 645301
557922457 206097
558128554 16384
558144938 8192
558153130 2048
558155178 512
558155690 186
558155876 982147
559138023 897766
560035789 16384
560052173 8192
560060365 2048
560062413 87
560062500 982147
561044647 970947
562015594 31
562015625 1964294
563979919 32768
564012687 2048
564014735 1024
564015759 194
564015953 48
564016001 1964294
565980295 65536
566045831 16384
566062215 2048
566064263 121
566064384 1964294
568028678 132669
568161347 189
568161536 1964294
570125830 177440
570303270 4096
570307366 512
570307878 256
570308134 91
570308225 1964294
572272519 206097
572478616 16384
572495000 8192
572503192 1024
572504216 512
572504728 256
572504984 194
572505178 47
572505225 1964294
574469519 252465
574721984 16384
574738368 8192
574746560 4096
574750656 2048
574752704 512
574753216 100
574753316 1964294
576717610 327490
577045100 4096
577049196 2048
577051244 1024
577052268 512
577052780 256
577053036 194
577053230 54
577053284 1964294
579017578 327490
579345068 32768
579377836 16384
579394220 8192
579402412 2048
579404460 1024
579405484 256
579405740 181
579405921 1964294
581370215 327490
581697705 98304
581796009 8192
581804201 4096
581808297 2048
581810345 1024
581811369 512
581811881 144
581812025 1964294
583776319 448883
584225202 32768
584257970 8192
584266162 4096
584270258 2048
584272306 94
584272400 1964294
586236694 448883
586685577 98304
586783881 2048
586785929 1024
586786953 512
586787465 256
586787721 135
586787856 1964294
588752150 448883
589201033 156975
589358008 1024
589359032 177
589359209 1964294
591323503 645301
591968804 16384
591985188 2048
591987236 45
591987281 1964294
593951575 645301
594596876 65536
594662412 8192
594670604 2048
594672652 194
594672846 54
594672900 1964294
596637194 645301
597282495 133656
597416151 512
597416663 194
597416857 43
597416900 1964294
599381194 645301
600026495 177440
600203935 8192
600212127 4096
600216223 2048
600218271 1024
600219295 512
600219807 256
600220063 58
600220121 1964294
602184415 897766
603082181 1024
603083205 194
603083399 10
603083409 1964294
605047703 959206
606006909 512
606007421 194
606007615 1
606007616 2979209
608986825 4096
608990921 2048
608992969 512
608993481 119
608993600 3047334
612040934 1024
612041958 256
612042214 11
612042225 3047334
615089559 32768
615122327 16384
615138711 8192
615146903 4096
615150999 2048
615153047 1024
615154071 256
615154327 34
615154361 3047334
618201695 129024
618330719 165
618330884 3047334
621378218 193824
621572042 512
621572554 122
621572676 3047334
624620010 252465
624872475 4096
624876571 2048
624878619 1024
624879643 512
624880155 256
624880411 194
624880605 20
624880625 3047334
627927959 327490
628255449 176
628255625 3047334
631302959 327490
631630449 65536
631695985 2048
631698033 512
631698545 31
631698576 3047334
634745910 448883
635194793 8192
635202985 4096
635207081 2048
635209129 1024
635210153 194
635210347 37
635210384 3047334
638257718 448883
638706601 65536
638772137 16384
638788521 2048
638790569 1024
638791593 256
638791849 112
638791961 3047334
641839295 448883
642288178 148783
642436961 4096
642441057 2048
642443105 1024
642444129 96
642444225 3047334
645491559 645301
646136860 16384
646153244 8192
646161436 4096
646165532 2048
646167580 512
646168092 8
646168100 3047334
649215434 645301
649860735 98304
649959039 4096
649963135 1024
649964159 256
649964415 101
649964516 3047334
653011850 645301
653657151 177137
653834288 121
653834409 3047334
656881743 645301
657527044 251153
657778197 512
657778709 12
657778721 3047334
660826055 972238
661798293 107
661798400 3047334
664845734 982147
665827881 65536
665893417 512
665893929 256
665894185 194
665894379 21
665894400 3047334
668941734 982147
669923881 142018
670065899 1024
670066923 512
670067435 194
670067629 52
670067681 3047334
673115015 982147
674097162 206097
674303259 8192
674311451 4096
674315547 2048
674317595 1024
674318619 512
674319131 78
674319209 3047334
677366543 982147
678348690 252465
678601155 32768
678633923 8192
678642115 4096
678646211 2048
678648259 1024
678649283 512
678649795 161
678649956 3047334
681697290 982147
682679437 327490
683006927 32768
683039695 16384
683056079 4096
683060175 512
683060687 194
683060881 19
683060900 3047334
686108234 982147
687090381 448883
687539264 8192
687547456 4096
687551552 1024
687552576 256
687552832 193
687553025 3047334
690600359 982147
691582506 448883
692031389 65536
692096925 16384
692113309 8192
692121501 4096
692125597 1024
692126621 512
692127133 188
692127321 3047334
695174655 982147
696156802 448883
696605685 177440
696783125 1024
696784149 512
696784661 123
696784784 3047334
699832118 982147
700814265 645301
701459566 65536
701525102 1024
701526126 256
701526382 34
701526416 3047334
704573750 982147
705555897 645301
706201198 148783
706349981 2048
706352029 1024
706353053 172
706353225 3047334
709400559 982147
710382706 645301
711028007 206097
711234104 16384
711250488 8192
711258680 4096
711262776 2048
711264824 1024
711265848 256
711266104 121
711266225 3047334
714313559 982147
715295706 970723
716266429 7
716266436 3047334
719313770 1964294
721278064 65536
721343600 8192
721351792 2048
721353840 1024
721354864 20
721354884 3047334
724402218 1964294
726366512 159729
726526241 4096
726530337 2048
726532385 194
726532579 22
726532601 3047334
729579935 1964294
731544229 252465
731796694 2048
731798742 1024
731799766 512
731800278 256
731800534 91
731800625 3047334
734847959 1964294
736812253 327490
737139743 16384
737156127 2048
737158175 1024
737159199 512
737159711 256
737159967 33
737160000 3047334
740207334 1964294
742171628 327490
742499118 98304
742597422 8192
742605614 4096
742609710 2048
742611758 18
742611776 3047334
745659110 1964294
747623404 448883
748072287 65536
748137823 16384
748154207 2048
748156255 512
748156767 194
748156961 48
748157009 3047334
751204343 1964294
753168637 448883
753617520 177440
753794960 1024
753795984 512
753796496 256
753796752 9
753796761 3047334
756844095 1964294
758808389 645301
759453690 65536
759519226 8192
759527418 4096
759531514 512
759532026 74
759532100 3047334
762579434 1964294
764543728 645301
765189029 159729
765348758 8192
765356950 4096
765361046 2048
765363094 512
765363606 256
765363862 194
765364056 44
765364100 3047334
768411434 1964294
770375728 897766
771273494 16384
771289878 2048
771291926 1024
771292950 512
771293462 256
771293718 123
771293841 3047334
774341175 2979209
777320384 1024
777321408 512
777321920 256
777322176 194
777322370 39
777322409 6094668
783417077 32768
783449845 1024
783450869 27
783450896 6094668
789545564 134680
789680244 156
789680400 6094668
795775068 206097
795981165 16384
795997549 8192
796005741 4096
796009837 2048
796011885 140
796012025 6094668
802106693 327490
802434183 8192
802442375 4096
802446471 256
802446727 154
802446881 6094668
808541549 442178
808983727 2048
808985775 256
808986031 53
808986084 6094668
815080752 448883
815529635 98304
815627939 2048
815629987 512
815630499 256
815630755 1
815630756 6094668
821725424 645301
822370725 8192
822378917 2048
822380965 1024
822381989 36
822382025 6094668
828476693 645301
829121994 114688
829236682 4096
829240778 194
829240972 53
829241025 6094668
835335693 645301
835980994 206097
836187091 16384
836203475 4096
836207571 1024
836208595 256
836208851 45
836208896 6094668
842303564 982147
843285711 1024
843286735 49
843286784 6094668
849381452 982147
850363599 98304
850461903 8192
850470095 4096
850474191 1024
850475215 512
850475727 114
850475841 6094668
856570509 982147
857552656 206097
857758753 16384
857775137 2048
857777185 40
857777225 6094668
863871893 982147
864854040 327490
865181530 8192
865189722 2048
865191770 256
865192026 74
865192100 6094668
871286768 982147
872268915 448883
872717798 2048
872719846 1024
872720870 512
872721382 194
872721576 60
872721636 6094668
878816304 982147
879798451 448883
880247334 114688
880362022 4096
880366118 512
880366630 256
880366886 123
880367009 6094668
886461677 982147
887443824 645301
888089125 32768
888121893 4096
888125989 2048
888128037 1024
888129061 256
888129317 84
888129401 6094668
894224069 982147
895206216 645301
895851517 156975
896008492 1024
896009516 256
896009772 194
896009966 34
896010000 6094668
902104668 982147
903086815 897766
903984581 16384
904000965 8192
904009157 512
904009669 256
904009925 75
904010000 6094668
910104668 1964294
912068962 32768
912101730 16384
912118114 8192
912126306 4096
912130402 194
912130596 5
912130601 6094668
918225269 1964294
920189563 177440
920367003 4096
920371099 1024
920372123 512
920372635 256
920372891 118
920373009 6094668
926467677 1964294
928431971 252465
928684436 32768
928717204 16384
928733588 4096
928737684 512
928738196 194
928738390 46
928738436 6094668
934833104 1964294
936797398 327490
937124888 98304
937223192 4096
937227288 512
937227800 256
937228056 44
937228100 6094668
943322768 1964294
945287062 448883
945735945 98304
945834249 8192
945842441 512
945842953 256
945843209 16
945843225 6094668
951937893 1964294
953902187 645301
954547488 32768
954580256 4096
954584352 512
954584864 177
954585041 6094668
960679709 1964294
962644003 645301
963289304 159729
963449033 4096
963453129 1024
963454153 512
963454665 119
963454784 6094668
969549452 1964294
971513746 930534
972444280 8192
972452472 1024
972453496 194
972453690 6
972453696 6094668
978548364 3034646
981583010 15
981583025 6094668
987677693 3047334
990725027 114688
990839715 4096
990843811 194
990844005 20
990844025 6094668
996938693 3047334
999986027 8192
999994219 4096
999998315 1024
999999339 512
999999851 148
