1667
1 1
2 1
3 2
5 2
1 7
3 8
11 1
12 1
13 5
18 3
21 1
22 2
3 1
5 1
8 1
9 1
12 24
13 36
18 49
21 67
22 88
24 110
1 134
2 135
3 137
4 140
5 144
6 149
7 155
8 162
9 170
10 179
11 189
12 200
13 212
18 225
21 243
22 264
24 286
1 310
2 311
3 313
4 316
5 320
6 325
7 331
8 338
9 346
10 355
11 365
12 376
13 388
18 401
21 419
22 440
24 462
12 2
14 1
24 3
27 2
29 5
34 1
36 6
42 8
50 1
51 6
57 8
65 5
70 7
77 1
78 3
81 9
90 18
108 13
121 11
137 4
144 2
149 1
150 7
157 9
166 2
168 3
171 21
192 7
199 10
209 11
220 24
244 9
264 6
270 6
276 4
280 2
282 1
283 5
288 8
296 1
297 3
300 6
306 2
308 4
312 6
318 6
324 12
336 6
342 24
366 6
372 12
384 6
390 6
396 22
418 2
420 6
426 6
432 6
438 5
443 1
444 6
450 6
456 12
468 6
474 6
486 6
492 6
498 6
504 6
510 6
516 6
522 12
534 6
540 6
546 6
552 6
558 12
570 6
576 6
582 6
588 6
594 12
606 6
612 6
618 6
624 6
630 6
636 6
642 6
648 6
654 6
660 6
666 6
672 6
678 1
679 5
684 6
690 6
696 6
702 6
708 6
714 6
720 6
726 6
732 6
738 6
744 6
750 6
756 6
762 6
768 6
774 6
780 6
786 6
792 6
798 6
804 6
810 6
816 6
822 6
828 6
834 6
840 6
846 6
852 6
858 18
876 6
882 6
888 6
894 6
900 6
906 6
912 6
918 6
924 6
930 6
936 6
942 6
948 6
954 6
960 6
966 6
972 6
978 6
984 6
990 6
996 6
1002 6
1008 6
1014 6
1020 6
1026 6
1032 6
1038 6
1044 6
1050 6
1056 6
1062 6
1068 6
1074 6
1080 6
1086 6
1092 6
1098 6
1104 6
1110 6
1116 12
1128 6
1134 6
1140 6
1146 6
1152 6
1158 6
1164 6
1170 6
1176 6
1182 6
1188 6
1194 6
1200 6
1206 6
1212 6
1218 6
1224 6
1230 6
1236 6
1242 6
1248 486
15 4
51 34
85 6
91 1
92 2
94 1
95 1
96 1
97 1
98 5
103 1
108 1
109 5
114 5
119 1
120 4
124 2
126 1
127 1
128 1
129 2
132 1
135 1
136 2
140 2
142 1
143 2
146 1
147 1
149 4
155 1
156 2
158 1
159 1
160 4
170 2
172 1
173 3
176 1
177 8
185 2
187 1
192 2
200 1
201 3
204 2
206 1
207 4
212 1
213 1
214 4
218 1
219 3
222 1
223 3
226 1
227 1
228 3
231 3
234 3
237 4
241 1
244 7
251 3
254 1
255 1
256 2
258 2
264 2
266 1
267 2
270 1
271 1
272 2
274 1
276 2
278 1
282 2
284 1
288 1
289 1
290 1
291 2
293 1
294 4
298 4
302 2
306 1
316 1
317 2
324 4
328 7
338 1
339 1
340 1
342 1
343 2
345 2
347 2
349 1
350 3
353 6
359 5
364 3
367 1
368 1
376 11
387 244
631 90
732 27
759 150
909 10
919 14
933 4
937 132
1134 7
1141 51
1192 29
1221 70
1291 15
1306 81
1387 149
1536 121
1657 144
1801 171
1972 297
2269 168
2437 42
2479 132
2611 366
2977 192
3169 141
3310 57
3367 12
3379 6
3385 108
3493 78
3571 36
3607 137
3744 253
3997 450
4447 35
4482 199
4681 486
5167 510
5677 264
5941 270
6211 276
6487 282
6769 288
7057 594
7651 306
7957 312
8269 318
8587 324
8911 50
8961 280
9241 336
9577 342
9919 702
10621 77
10698 283
10981 209
11190 157
11347 372
11719 78
11797 300
12097 384
12481 390
12871 396
13267 1224
14491 420
14911 426
15337 432
15769 438
16207 444
16651 450
17101 456
17557 296
17853 166
18019 468
18487 474
18961 480
19441 486
19927 492
20419 498
20917 504
21421 510
21931 516
22447 522
22969 220
23189 308
23497 534
24031 540
24571 546
25117 552
25669 558
26227 418
26645 146
26791 570
27361 576
27937 582
28519 588
29107 1194
30301 606
30907 612
31519 618
32137 624
32761 630
33391 636
34027 642
34669 648
35317 654
35971 660
36631 666
37297 672
37969 678
38647 684
39331 690
40021 696
40717 702
41419 708
42127 714
42841 720
43561 726
44287 732
45019 738
45757 744
46501 750
47251 756
48007 762
48769 768
49537 774
50311 780
51091 786
51877 792
52669 798
53467 804
54271 810
55081 816
55897 822
56719 828
57547 834
58381 840
59221 846
60067 852
60919 858
61777 1734
63511 876
64387 882
65269 888
66157 894
67051 900
67951 906
68857 912
69769 918
70687 924
71611 930
72541 936
73477 942
74419 948
75367 954
76321 960
77281 966
78247 972
79219 978
80197 984
81181 990
82171 996
83167 1002
84169 1008
85177 1014
86191 1020
87211 1026
88237 1032
89269 1038
90307 1044
91351 1050
92401 1056
93457 1062
94519 1068
95587 1074
96661 1080
97741 1086
98827 1092
99919 1098
101017 1104
102121 1110
103231 1116
104347 679
105026 443
105469 1128
106597 1134
107731 1140
108871 1146
110017 1152
111169 1158
112327 1164
113491 1170
114661 1176
115837 1182
117019 1188
118207 1194
119401 1200
120601 1206
121807 1212
123019 1218
124237 1224
125461 1230
126691 1236
127927 1242
129169 1248
13 3
24 1
25 1
27 4
31 1
32 1
36 1
37 1
38 1
39 2
42 1
43 1
44 1
45 1
46 2
51 1
52 1
53 2
55 1
57 1
58 1
59 1
60 1
61 2
63 1
64 2
66 3
70 3
73 1
74 1
75 1
78 1
79 1
81 1
82 1
83 1
84 2
86 1
88 1
91 2
98 2
100 1
101 1
110 1
111 1
112 1
114 2
116 1
121 1
124 1
129 1
150 1
151 1
153 1
160 1
161 19
201 15
220 13
290 11
301 13
314 12
343 1
350 1
351 1
352 2
355 6
369 8
377 135
512 98
610 119
729 258
987 13
1000 24
1024 307
1331 266
1597 131
1728 320
2048 149
2197 387
2584 160
2744 631
3375 721
4096 85
4181 732
4913 919
5832 933
6765 94
6859 1141
8000 192
8192 1069
9261 1387
10648 298
10946 1221
12167 1657
13824 1801
15625 759
16384 1192
17576 135
17711 1972
19683 2269
21952 2437
24389 2611
27000 1657
28657 1134
29791 2977
32768 3169
35937 3367
39304 3571
42875 3493
46368 288
46656 3997
50653 3310
53963 909
54872 4447
59319 4681
64000 1536
65536 3385
68921 5167
74088 937
75025 4482
79507 5677
85184 5941
91125 6211
97336 6487
103823 6769
110592 7057
117649 3744
121393 3607
125000 7651
132651 7957
140608 8269
148877 8587
157464 8911
166375 9241
175616 9577
185193 9919
195112 1306
196418 8961
205379 10621
216000 10981
226981 11347
238328 11719
250047 12097
262144 12481
274625 12871
287496 13267
300763 11190
311953 2479
314432 3379
317811 10698
328509 14491
343000 14911
357911 15337
373248 15769
389017 16207
405224 16651
421875 17101
438976 17557
456533 18019
474552 18487
493039 18961
512000 19441
531441 19927
551368 20419
571787 20917
592704 21421
614125 21931
636056 22447
658503 22969
681472 23497
704969 24031
729000 24571
753571 25117
778688 25669
804357 26227
830584 26791
857375 27361
884736 27937
912673 28519
941192 29107
970299 11797
982096 51
982147 17853
1000000 30301
1030301 30907
1061208 31519
1092727 32137
1124864 32761
1157625 33391
1191016 34027
1225043 34669
1259712 35317
1295029 35971
1331000 36631
1367631 37297
1404928 37969
1442897 38647
1481544 39331
1520875 40021
1560896 40717
1601613 41419
1643032 42127
1685159 42841
1728000 43561
1771561 44287
1815848 45019
1860867 45757
1906624 46501
1953125 47251
2000376 48007
2048383 48769
2097152 49537
2146689 50311
2197000 51091
2248091 51877
2299968 52669
2352637 53467
2406104 54271
2460375 55081
2515456 55897
2571353 56719
2628072 57547
2685619 58381
2744000 59221
2803221 60067
2863288 60919
2924207 61777
2985984 23189
3009173 227
3009400 142
3009542 223
3009765 219
3009984 319
3010303 222
3010525 350
3010875 206
3011081 155
3011236 282
3011518 285
3011803 132
3011935 136
3012071 376
3012447 128
3012575 243
3012818 207
3013025 338
3013363 120
3013483 291
3013774 234
3014008 286
3014294 254
3014548 328
3014876 251
3015127 353
3015480 176
3015656 311
3015967 269
3016236 285
3016521 289
3016810 306
3017116 138
3017254 368
3017622 369
3017991 140
3018131 293
3018424 276
3018700 231
3018931 256
3019187 95
3019282 149
3019431 153
3019584 159
3019743 304
3020047 126
3020173 244
3020417 185
3020602 214
3020816 237
3021053 339
3021392 364
3021756 97
3021853 284
3022137 335
3022472 207
3022679 278
3022957 213
3023170 267
3023437 160
3023597 172
3023769 201
3023970 275
3024245 194
3024439 286
3024725 156
3024881 145
3025026 288
3025314 226
3025540 211
3025751 341
3026092 294
3026386 149
3026535 204
3026739 359
3027098 192
3027290 284
3027574 132
3027706 153
3027859 341
3028200 290
3028490 345
3028835 133
3028968 194
3029162 251
3029413 364
3029777 304
3030081 143
3030224 340
3030564 92
3030656 114
3030770 349
3031119 187
3031306 317
3031623 129
3031752 313
3032065 271
3032336 200
3032536 126
3032662 367
3033029 255
3033284 269
3033553 271
3033824 103
3033927 304
3034231 242
3034473 173
3034646 302
3034948 96
3035044 288
3035332 228
3035560 260
3035820 290
3036110 188
3036298 324
3036622 316
3036938 98
3037036 244
3037280 264
3037544 241
3037785 237
3038022 256
3038278 148
3038426 218
3038644 342
3038986 148
3039134 343
3039477 266
3039743 146
3039889 127
3040016 298
3040314 275
3040589 231
3040820 91
3040911 158
3041069 308
3041377 270
3041647 104
3041751 170
3041921 274
3042195 108
3042303 347
3042650 164
3042814 94
3042908 313
3043221 306
3043527 212
3043739 286
3044025 177
3044202 266
3044468 173
3044641 132
3044773 194
3044967 275
3045242 194
3045436 272
3045708 147
3045855 298
3046153 109
3046262 279
3046541 302
3046843 367
3047210 124
3047334 1291
3048625 63511
3112136 64387
3176523 65269
3241792 66157
3307949 67051
3375000 67951
3442951 68857
3511808 69769
3581577 70687
3652264 71611
3723875 72541
3796416 73477
3869893 74419
3944312 75367
4019679 76321
4096000 77281
4173281 78247
4251528 79219
4330747 80197
4410944 81181
4492125 82171
4574296 83167
4657463 84169
4741632 85177
4826809 86191
4913000 87211
5000211 88237
5088448 89269
5177717 90307
5268024 91351
5359375 92401
5451776 93457
5545233 94519
5639752 95587
5735339 96661
5832000 97741
5929741 98827
6028568 99919
6128487 101017
6229504 102121
6331625 103231
6434856 104347
6539203 105469
6644672 106597
6751269 107731
6859000 108871
6967871 110017
7077888 111169
7189057 112327
7301384 113491
7414875 114661
7529536 115837
7645373 117019
7762392 118207
7880599 119401
8000000 120601
8120601 121807
8242408 123019
8365427 124237
8489664 125461
8615125 126691
8741816 127927
8869743 129169
8998912 130417
9129329 26645
9155974 105026
1 65536
2 65537
4 65539
8 65543
16 65551
32 65567
64 65599
128 65663
256 65791
512 66047
1024 66559
2048 67583
4096 69631
8192 73727
16384 81919
32768 98303
131071 6
131077 3
131080 5
131085 8
131093 13
131106 21
131127 34
131161 55
131216 89
131305 144
131449 233
131682 377
132059 610
132669 987
133656 1597
135253 2584
137837 4181
142018 6765
148783 10946
159729 17711
177440 28657
206097 46368
252465 75025
327490 121393
448883 196418
645301 317811
963112 25
963137 138
963275 101
963376 55
963431 49
963480 154
963634 74
963708 45
963753 80
963833 160
963993 55
964048 121
964169 27
964196 116
964312 70
964382 101
964483 145
964628 130
964758 98
964856 100
964956 116
965072 113
965185 130
965315 156
965471 82
965553 53
965606 151
965757 153
965910 137
966047 126
966173 102
966275 81
966356 130
966486 86
966572 58
966630 36
966666 141
966807 32
966839 140
966979 109
967088 112
967200 81
967281 152
967433 59
967492 70
967562 129
967691 77
967768 152
967920 78
967998 39
968037 79
968116 24
968140 42
968182 82
968264 34
968298 138
968436 52
968488 82
968570 58
968628 33
968661 155
968816 149
968965 87
969052 76
969128 157
969285 147
969432 122
969554 112
969666 128
969794 49
969843 37
969880 79
969959 38
969997 44
970041 120
970161 25
970186 94
970280 131
970411 158
970569 51
970620 103
970723 84
970807 140
970947 137
971084 31
971115 35
971150 128
971278 121
971399 41
971440 91
971531 66
971597 136
971733 125
971858 26
971884 61
971945 120
972065 73
972138 100
972238 161
972399 44
972443 102
972545 57
972602 119
972721 74
972795 117
972912 32
972944 83
973027 102
973129 142
973271 157
973428 141
973569 73
973642 87
973729 159
973888 159
974047 69
974116 45
974161 122
974283 134
974417 110
974527 79
974606 144
974750 79
974829 94
974923 133
975056 42
975098 93
975191 38
975229 136
975365 130
975495 95
975590 25
975615 156
975771 32
975803 127
975930 75
976005 125
976130 138
976268 124
976392 56
976448 48
976496 153
976649 66
976715 121
976836 100
976936 69
977005 45
977050 46
977096 153
977249 114
977363 102
977465 112
977577 119
977696 78
977774 141
977915 45
977960 136
978096 36
978132 143
978275 161
978436 126
978562 38
978600 73
978673 97
978770 79
978849 60
978909 136
979045 63
979108 124
979232 44
979276 49
979325 116
979441 38
979479 58
979537 150
979687 116
979803 43
979846 137
979983 143
980126 83
980209 59
980268 152
980420 128
980548 88
980636 144
980780 24
980804 103
980907 135
981042 94
981136 141
981277 86
981363 64
981427 111
981538 32
981570 41
981611 144
981755 73
981828 143
981971 53963
982096 1035934
982147 2018030
3000177 104
3000281 117
3000398 314
3000712 234
3000946 157
3001103 220
3001323 290
3001613 152
3001765 354
3002119 267
3002386 326
3002712 350
3003062 350
3003412 255
3003667 241
3003908 201
3004109 328
3004437 278
3004715 234
3004949 355
3005304 109
3005413 364
3005777 180
3005957 352
3006309 124
3006433 102
3006535 114
3006649 301
3006950 344
3007294 369
3007663 351
3008014 269
3008283 361
3008644 89
3008733 349
3009082 311953
3009173 3321035
3009400 6330208
3009542 9339608
3009765 12349150
3009984 15358915
3010303 18368899
3010525 21379202
3010875 24389727
3011081 27400602
3011236 30411683
3011518 33422919
3011803 36434437
3011935 39446240
3012071 42458175
3012447 45470246
3012575 48482693
3012818 51495268
3013025 54508086
3013363 57521111
3013483 60534474
3013774 63547957
3014008 66561731
3014294 69575739
3014548 72590033
3014876 75604581
3015127 78619457
3015480 81634584
3015656 84650064
3015967 87665720
3016236 90681687
3016521 93697923
3016810 96714444
3017116 99731254
3017254 102748370
3017622 105765624
3017991 108783246
3018131 111801237
3018424 114819368
3018700 117837792
3018931 120856492
3019187 123875423
3019282 126894610
3019431 129913892
3019584 132933323
3019743 135952907
3020047 138972650
3020173 141992697
3020417 145012870
3020602 148033287
3020816 151053889
3021053 154074705
3021392 157095758
3021756 160117150
3021853 163138906
3022137 166160759
3022472 169182896
3022679 172205368
3022957 175228047
3023170 178251004
3023437 181274174
3023597 184297611
3023769 187321208
3023970 190344977
3024245 193368947
3024439 196393192
3024725 199417631
3024881 202442356
3025026 205467237
3025314 208492263
3025540 211517577
3025751 214543117
3026092 217568868
3026386 220594960
3026535 223621346
3026739 226647881
3027098 229674620
3027290 232701718
3027574 235729008
3027706 238756582
3027859 241784288
3028200 244812147
3028490 247840347
3028835 250868837
3028968 253897672
3029162 256926640
3029413 259955802
3029777 262985215
3030081 266014992
3030224 269045073
3030564 272075297
3030656 275105861
3030770 278136517
3031119 281167287
3031306 284198406
3031623 287229712
3031752 290261335
3032065 293293087
3032336 296325152
3032536 299357488
3032662 302390024
3033029 305422686
3033284 308455715
3033553 311488999
3033824 314522552
3033927 317556376
3034231 320590303
3034473 323624534
3034646 326659007
3034948 329693653
3035044 332728601
3035332 335763645
3035560 338798977
3035820 341834537
3036110 344870357
3036298 347906467
3036622 350942765
3036938 353979387
3037036 357016325
3037280 360053361
3037544 363090641
3037785 366128185
3038022 369165970
3038278 372203992
3038426 375242270
3038644 378280696
3038986 381319340
3039134 384358326
3039477 387397460
3039743 390436937
3039889 393476680
3040016 396516569
3040314 399556585
3040589 402596899
3040820 405637488
3040911 408678308
3041069 411719219
3041377 414760288
3041647 417801665
3041751 420843312
3041921 423885063
3042195 426926984
3042303 429969179
3042650 433011482
3042814 436054132
3042908 439096946
3043221 442139854
3043527 445183075
3043739 448226602
3044025 451270341
3044202 454314366
3044468 457358568
3044641 460403036
3044773 463447677
3044967 466492450
3045242 469537417
3045436 472582659
3045708 475628095
3045855 478673803
3046153 481719658
3046262 484765811
3046541 487812073
3046843 490858614
3047210 493905457
3047334 496952667
500000001 8
500000009 27
500000036 64
500000100 125
500000225 216
500000441 343
500000784 512
500001296 729
500002025 1000
500003025 1331
500004356 1728
500006084 2197
500008281 2744
500011025 3375
500014400 4096
500018496 4913
500023409 5832
500029241 6859
500036100 8000
500044100 9261
500053361 10648
500064009 12167
500076176 13824
500090000 15625
500105625 17576
500123201 19683
500142884 21952
500164836 24389
500189225 27000
500216225 29791
500246016 32768
500278784 35937
500314721 39304
500354025 42875
500396900 46656
500443556 50653
500494209 54872
500549081 59319
500608400 64000
500672400 68921
500741321 74088
500815409 79507
500894916 85184
500980100 91125
501071225 97336
501168561 103823
501272384 110592
501382976 117649
501500625 125000
501625625 132651
501758276 140608
501898884 148877
502047761 157464
502205225 166375
502371600 175616
502547216 185193
502732409 195112
502927521 205379
503132900 216000
503348900 226981
503575881 238328
503814209 250047
504064256 262144
504326400 274625
504601025 287496
504888521 300763
505189284 314432
505503716 328509
505832225 343000
506175225 357911
506533136 373248
506906384 389017
507295401 405224
507700625 421875
508122500 438976
508561476 456533
509018009 474552
509492561 493039
509985600 512000
510497600 531441
511029041 551368
511580409 571787
512152196 592704
512744900 614125
513359025 636056
513995081 658503
514653584 681472
515335056 704969
516040025 729000
516769025 753571
517522596 778688
518301284 804357
519105641 830584
519936225 857375
520793600 884736
521678336 912673
522591009 941192
523532201 970299
524502500 1000000
525502500 1030301
526532801 1061208
527594009 1092727
528686736 1124864
529811600 1157625
530969225 1191016
532160241 1225043
533385284 1259712
534644996 1295029
535940025 1331000
537271025 1367631
538638656 1404928
540043584 1442897
541486481 1481544
542968025 1520875
544488900 1560896
546049796 1601613
547651409 1643032
549294441 1685159
550979600 1728000
552707600 1771561
554479161 1815848
556295009 1860867
558155876 1906624
560062500 1953125
562015625 2000376
564016001 2048383
566064384 2097152
568161536 2146689
570308225 2197000
572505225 2248091
574753316 2299968
577053284 2352637
579405921 2406104
581812025 2460375
584272400 2515456
586787856 2571353
589359209 2628072
591987281 2685619
594672900 2744000
597416900 2803221
600220121 2863288
603083409 2924207
606007616 2985984
608993600 3048625
612042225 3112136
615154361 3176523
618330884 3241792
621572676 3307949
624880625 3375000
628255625 3442951
631698576 3511808
635210384 3581577
638791961 3652264
642444225 3723875
646168100 3796416
649964516 3869893
653834409 3944312
657778721 4019679
661798400 4096000
665894400 4173281
670067681 4251528
674319209 4330747
678649956 4410944
683060900 4492125
687553025 4574296
692127321 4657463
696784784 4741632
701526416 4826809
706353225 4913000
711266225 5000211
716266436 5088448
721354884 5177717
726532601 5268024
731800625 5359375
737160000 5451776
742611776 5545233
748157009 5639752
753796761 5735339
759532100 5832000
765364100 5929741
771293841 6028568
777322409 6128487
783450896 6229504
789680400 6331625
796012025 6434856
802446881 6539203
808986084 6644672
815630756 6751269
822382025 6859000
829241025 6967871
836208896 7077888
843286784 7189057
850475841 7301384
857777225 7414875
865192100 7529536
872721636 7645373
880367009 7762392
888129401 7880599
896010000 8000000
904010000 8120601
912130601 8242408
920373009 8365427
928738436 8489664
937228100 8615125
945843225 8741816
954585041 8869743
963454784 8998912
972453696 9129329
981583025 9261000
990844025 9155974
