3236
1 1
2 2
4 4
8 8
16 16
32 32
64 32
96 16
112 8
120 4
124 2
126 1
127 8
135 4
139 2
141 1
142 4
146 2
148 1
149 8
157 4
161 2
163 1
164 4
168 2
170 1
171 8
179 4
183 2
185 1
186 4
190 2
192 1
193 8
201 4
205 2
207 1
208 4
212 2
214 1
215 8
223 4
227 2
229 1
230 4
234 2
236 1
237 8
245 4
249 2
251 1
252 4
256 2
258 1
259 8
267 4
271 2
273 1
274 4
278 2
280 1
281 8
289 4
293 2
295 1
296 4
300 2
302 1
303 8
311 4
315 2
317 1
318 4
322 2
324 1
325 8
333 4
337 2
339 1
340 4
344 2
346 1
347 8
355 4
359 2
361 1
362 4
366 2
368 1
369 8
377 4
381 2
383 1
384 4
388 2
390 1
391 8
399 4
403 2
405 1
406 4
410 2
412 1
413 8
421 4
425 2
427 1
428 4
432 2
434 1
435 8
443 4
447 2
449 1
450 4
454 2
456 1
457 8
465 4
469 2
471 1
472 4
476 2
478 1
479 8
487 4
491 2
493 1
494 4
498 2
500 1
501 8
509 4
513 2
515 1
516 4
520 2
522 1
523 8
531 4
535 2
537 1
538 4
542 2
544 1
545 8
553 4
557 2
559 1
560 4
564 2
566 1
567 8
575 4
579 2
581 1
582 4
586 2
588 1
589 8
597 4
601 2
603 1
604 4
608 2
610 1
611 8
619 4
623 2
625 1
626 4
630 2
632 1
633 8
641 4
645 2
647 1
648 4
652 2
654 1
655 8
663 4
667 2
669 1
670 4
674 2
676 1
677 8
685 4
689 2
691 1
692 4
696 2
698 1
699 8
707 4
711 2
713 1
714 4
718 2
720 1
721 8
729 4
733 2
735 1
736 4
740 2
742 1
743 8
751 4
755 2
757 1
758 4
762 2
764 1
765 8
773 4
777 2
779 1
780 4
784 2
786 1
787 8
795 4
799 2
801 1
802 4
806 2
808 1
809 8
817 4
821 2
823 1
824 4
828 2
830 1
831 8
839 4
843 2
845 1
846 4
850 2
852 1
853 8
861 4
865 2
867 1
868 4
872 2
874 1
875 8
883 4
887 2
889 1
890 4
894 2
896 1
897 8
905 4
909 2
911 1
912 4
916 2
918 1
919 8
927 4
931 2
933 1
934 4
938 2
940 1
941 8
949 4
953 2
955 1
956 4
960 2
962 1
963 8
971 4
975 2
977 1
978 4
982 2
984 1
985 8
993 4
997 2
999 1
1000 4
1004 2
1006 1
1007 8
1015 4
1019 2
1021 1
1022 4
1026 2
1028 1
1029 8
1037 4
1041 2
1043 1
1044 4
1048 2
1050 1
1051 8
1059 4
1063 2
1065 1
1066 4
1070 2
1072 1
1073 8
1081 4
1085 2
1087 1
1088 4
1092 2
1094 1
1095 8
1103 4
1107 2
1109 1
1110 4
1114 2
1116 1
1117 8
1125 4
1129 2
1131 1
1132 4
1136 2
1138 1
1139 8
1147 4
1151 2
1153 1
1154 4
1158 2
1160 1
1161 8
1169 4
1173 2
1175 1
1176 4
1180 2
1182 1
1183 8
1191 4
1195 2
1197 1
1198 4
1202 2
1204 1
1205 8
1213 4
1217 2
1219 1
1220 4
1224 2
1226 1
1227 8
1235 4
1239 2
1241 1
1242 4
1246 2
1248 1
1249 8
1257 4
1261 2
1263 1
1264 4
1268 2
1270 1
1271 8
1279 4
1283 2
1285 1
1286 4
1290 2
1292 1
1293 8
1301 4
1305 2
1307 1
1308 4
1312 2
1314 1
1315 8
1323 4
1327 2
1329 1
1330 4
1334 2
1336 1
1337 8
1345 4
1349 2
1351 1
1352 4
1356 2
1358 1
1359 8
1367 4
1371 2
1373 1
1374 4
1378 2
1380 1
1381 8
1389 4
1393 2
1395 1
1396 4
1400 2
1402 1
1403 8
1411 4
1415 2
1417 1
1418 4
1422 2
1424 1
1425 8
1433 4
1437 2
1439 1
1440 4
1444 2
1446 1
1447 8
1455 4
1459 2
1461 1
1462 4
1466 2
1468 1
1469 8
1477 4
1481 2
1483 1
1484 4
1488 2
1490 1
1491 8
1499 4
1503 2
1505 1
1506 4
1510 2
1512 1
1513 8
1521 4
1525 2
1527 1
1528 4
1532 2
1534 1
1535 8
1543 4
1547 2
1549 1
1550 4
1554 2
1556 1
1557 8
1565 4
1569 2
1571 1
1572 4
1576 2
1578 1
1579 8
1587 4
1591 2
1593 1
1594 4
1598 2
1600 1
1601 8
1609 4
1613 2
1615 1
1616 4
1620 2
1622 1
1623 8
1631 4
1635 2
1637 1
1638 4
1642 2
1644 1
1645 8
1653 4
1657 2
1659 1
1660 4
1664 2
1666 1
1667 8
1675 4
1679 2
1681 1
1682 4
1686 2
1688 1
1689 8
1697 4
1701 2
1703 1
1704 4
1708 2
1710 1
1711 8
1719 4
1723 2
1725 1
1726 4
1730 2
1732 1
1733 8
1741 4
1745 2
1747 1
1748 4
1752 2
1754 1
1755 8
1763 4
1767 2
1769 1
1770 4
1774 2
1776 1
1777 8
1785 4
1789 2
1791 1
1792 4
1796 2
1798 1
1799 8
1807 4
1811 2
1813 1
1814 4
1818 2
1820 1
1821 8
1829 4
1833 2
1835 1
1836 4
1840 2
1842 1
1843 8
1851 4
1855 2
1857 1
1858 4
1862 2
1864 1
1865 8
1873 4
1877 2
1879 1
1880 4
1884 2
1886 1
1887 8
1895 4
1899 2
1901 1
1902 4
1906 2
1908 1
1909 8
1917 4
1921 2
1923 1
1924 4
1928 2
1930 1
1931 8
1939 4
1943 2
1945 1
1946 4
1950 2
1952 1
1953 8
1961 4
1965 2
1967 1
1968 4
1972 2
1974 1
1975 8
1983 4
1987 2
1989 1
1990 4
1994 2
1996 1
1997 8
2005 4
2009 2
2011 1
2012 4
2016 2
2018 1
2019 8
2027 4
2031 2
2033 1
2034 4
2038 2
2040 1
2041 8
2049 4
2053 2
2055 1
2056 4
2060 2
2062 1
2063 8
2071 4
2075 2
2077 1
2078 4
2082 2
2084 1
2085 8
2093 4
2097 2
2099 1
2100 4
2104 2
2106 1
2107 8
2115 4
2119 2
2121 1
2122 4
2126 2
2128 1
2129 8
2137 4
2141 2
2143 1
2144 4
2148 2
2150 1
2151 8
2159 4
2163 2
2165 1
2166 4
2170 2
2172 1
2173 8
2181 4
2185 2
2187 1
2188 4
2192 2
2194 1
2195 8
2203 4
2207 2
2209 1
2210 4
2214 2
2216 1
2217 8
2225 4
2229 2
2231 1
2232 4
2236 2
2238 1
2239 8
2247 4
2251 2
2253 1
2254 4
2258 2
2260 1
2261 8
2269 4
2273 2
2275 1
2276 4
2280 2
2282 1
2283 8
2291 4
2295 2
2297 1
2298 4
2302 2
2304 1
2305 8
2313 4
2317 2
2319 1
2320 4
2324 2
2326 1
2327 8
2335 4
2339 2
2341 1
2342 4
2346 2
2348 1
2349 8
2357 4
2361 2
2363 1
2364 4
2368 2
2370 1
2371 8
2379 4
2383 2
2385 1
2386 4
2390 2
2392 1
2393 8
2401 4
2405 2
2407 1
2408 4
2412 2
2414 1
2415 8
2423 4
2427 2
2429 1
2430 4
2434 2
2436 1
2437 8
2445 4
2449 2
2451 1
2452 4
2456 2
2458 1
2459 8
2467 4
2471 2
2473 1
2474 4
2478 2
2480 1
2481 8
2489 4
2493 2
2495 1
2496 4
2500 2
2502 1
2503 8
2511 4
2515 2
2517 1
2518 4
2522 2
2524 1
2525 8
2533 4
2537 2
2539 1
2540 4
2544 2
2546 1
2547 8
2555 4
2559 2
2561 1
2562 4
2566 2
2568 1
2569 8
2577 4
2581 2
2583 1
2584 4
2588 2
2590 1
2591 8
2599 4
2603 2
2605 1
2606 4
2610 2
2612 1
2613 8
2621 4
2625 2
2627 1
2628 4
2632 2
2634 1
2635 8
2643 4
2647 2
2649 1
2650 4
2654 2
2656 1
2657 8
2665 4
2669 2
2671 1
2672 4
2676 2
2678 1
2679 8
2687 4
2691 2
2693 1
2694 4
2698 2
2700 1
2701 8
2709 4
2713 2
2715 1
2716 4
2720 2
2722 1
2723 8
2731 4
2735 2
2737 1
2738 4
2742 2
2744 1
2745 8
2753 4
2757 2
2759 1
2760 4
2764 2
2766 1
2767 8
2775 4
2779 2
2781 1
2782 4
2786 2
2788 1
2789 8
2797 4
2801 2
2803 1
2804 4
2808 2
2810 1
2811 8
2819 4
2823 2
2825 1
2826 4
2830 2
2832 1
2833 8
2841 4
2845 2
2847 1
2848 4
2852 2
2854 1
2855 8
2863 4
2867 2
2869 1
2870 4
2874 2
2876 1
2877 8
2885 4
2889 2
2891 1
2892 4
2896 2
2898 1
2899 8
2907 4
2911 2
2913 1
2914 4
2918 2
2920 1
2921 8
2929 4
2933 2
2935 1
2936 4
2940 2
2942 1
2943 8
2951 4
2955 2
2957 1
2958 4
2962 2
2964 1
2965 8
2973 4
2977 2
2979 1
2980 4
2984 2
2986 1
2987 8
2995 4
2999 2
3001 1
3002 4
3006 2
3008 1
3009 8
3017 4
3021 2
3023 1
3024 4
3028 2
3030 1
3031 8
3039 4
3043 2
3045 1
3046 4
3050 2
3052 1
3053 8
3061 4
3065 2
3067 1
3068 4
3072 2
3074 1
3075 8
3083 4
3087 2
3089 1
3090 4
3094 2
3096 1
3097 8
3105 4
3109 2
3111 1
3112 4
3116 2
3118 1
3119 8
3127 4
3131 2
3133 1
3134 4
3138 2
3140 1
3141 8
3149 4
3153 2
3155 1
3156 4
3160 2
3162 1
3163 8
3171 4
3175 2
3177 1
3178 4
3182 2
3184 1
3185 8
3193 4
3197 2
3199 1
3200 4
3204 2
3206 1
3207 8
3215 4
3219 2
3221 1
3222 4
3226 2
3228 1
3229 8
3237 4
3241 2
3243 1
3244 4
3248 2
3250 1
3251 8
3259 4
3263 2
3265 1
3266 4
3270 2
3272 1
3273 8
3281 4
3285 2
3287 1
3288 4
3292 2
3294 1
3295 8
3303 4
3307 2
3309 1
3310 4
3314 2
3316 1
3317 8
3325 4
3329 2
3331 1
3332 4
3336 2
3338 1
3339 8
3347 4
3351 2
3353 1
3354 4
3358 2
3360 1
3361 8
3369 4
3373 2
3375 1
3376 4
3380 2
3382 1
3383 8
3391 4
3395 2
3397 1
3398 4
3402 2
3404 1
3405 8
3413 4
3417 2
3419 1
3420 4
3424 2
3426 1
3427 8
3435 4
3439 2
3441 1
3442 4
3446 2
3448 1
3449 8
3457 4
3461 2
3463 1
3464 4
3468 2
3470 1
3471 8
3479 4
3483 2
3485 1
3486 4
3490 2
3492 1
3493 8
3501 4
3505 2
3507 1
3508 4
3512 2
3514 1
3515 8
3523 4
3527 2
3529 1
3530 4
3534 2
3536 1
3537 8
3545 4
3549 2
3551 1
3552 4
3556 2
3558 1
3559 8
3567 4
3571 2
3573 1
3574 4
3578 2
3580 1
3581 8
3589 4
3593 2
3595 1
3596 4
3600 2
3602 1
3603 8
3611 4
3615 2
3617 1
3618 4
3622 2
3624 1
3625 8
3633 4
3637 2
3639 1
3640 4
3644 2
3646 1
3647 8
3655 4
3659 2
3661 1
3662 4
3666 2
3668 1
3669 8
3677 4
3681 2
3683 1
3684 4
3688 2
3690 1
3691 8
3699 4
3703 2
3705 1
3706 4
3710 2
3712 1
3713 8
3721 4
3725 2
3727 1
3728 4
3732 2
3734 1
3735 8
3743 4
3747 2
3749 1
3750 4
3754 2
3756 1
3757 8
3765 4
3769 2
3771 1
3772 4
3776 2
3778 1
3779 8
3787 4
3791 2
3793 1
3794 4
3798 2
3800 1
3801 8
3809 4
3813 2
3815 1
3816 4
3820 2
3822 1
3823 8
3831 4
3835 2
3837 1
3838 4
3842 2
3844 1
3845 8
3853 4
3857 2
3859 1
3860 4
3864 2
3866 1
3867 8
3875 4
3879 2
3881 1
3882 4
3886 2
3888 1
3889 8
3897 4
3901 2
3903 1
3904 4
3908 2
3910 1
3911 8
3919 4
3923 2
3925 1
3926 4
3930 2
3932 1
3933 8
3941 4
3945 2
3947 1
3948 4
3952 2
3954 1
3955 8
3963 4
3967 2
3969 1
3970 4
3974 2
3976 1
3977 8
3985 4
3989 2
3991 1
3992 4
3996 2
3998 1
3999 8
4007 4
4011 2
4013 1
4014 4
4018 2
4020 1
4021 8
4029 4
4033 2
4035 1
4036 4
4040 2
4042 1
4043 8
4051 4
4055 2
4057 1
4058 4
4062 2
4064 1
4065 8
4073 4
4077 2
4079 1
4080 4
4084 2
4086 1
4087 8
4095 4
4099 2
4101 1
4102 4
4106 2
4108 1
4109 8
4117 4
4121 2
4123 1
4124 4
4128 2
4130 1
4131 8
4139 4
4143 2
4145 1
4146 4
4150 2
4152 1
4153 8
4161 4
4165 2
4167 1
4168 4
4172 2
4174 1
4175 8
4183 4
4187 2
4189 1
4190 4
4194 2
4196 1
4197 8
4205 4
4209 2
4211 1
4212 4
4216 2
4218 1
4219 8
4227 4
4231 2
4233 1
4234 4
4238 2
4240 1
4241 8
4249 4
4253 2
4255 1
4256 4
4260 2
4262 1
4263 8
4271 4
4275 2
4277 1
4278 4
4282 2
4284 1
4285 8
4293 4
4297 2
4299 1
4300 4
4304 2
4306 1
4307 8
4315 4
4319 2
4321 1
4322 4
4326 2
4328 1
4329 8
4337 4
4341 2
4343 1
4344 4
4348 2
4350 1
4351 8
4359 4
4363 2
4365 1
4366 4
4370 2
4372 1
4373 8
4381 4
4385 2
4387 1
4388 4
4392 2
4394 1
4395 8
4403 4
4407 2
4409 1
4410 4
4414 2
4416 1
4417 8
4425 4
4429 2
4431 1
4432 4
4436 2
4438 1
4439 8
4447 4
4451 2
4453 1
4454 4
4458 2
4460 1
4461 8
4469 4
4473 2
4475 1
4476 4
4480 2
4482 1
4483 8
4491 4
4495 2
4497 1
4498 4
4502 2
4504 1
4505 8
4513 4
4517 2
4519 1
4520 4
4524 2
4526 1
4527 8
4535 4
4539 2
4541 1
4542 4
4546 2
4548 1
4549 8
4557 4
4561 2
4563 1
4564 4
4568 2
4570 1
4571 8
4579 4
4583 2
4585 1
4586 4
4590 2
4592 1
4593 8
4601 4
4605 2
4607 1
4608 4
4612 2
4614 1
4615 8
4623 4
4627 2
4629 1
4630 4
4634 2
4636 1
4637 8
4645 4
4649 2
4651 1
4652 4
4656 2
4658 1
4659 8
4667 4
4671 2
4673 1
4674 4
4678 2
4680 1
4681 8
4689 4
4693 2
4695 1
4696 4
4700 2
4702 1
4703 8
4711 4
4715 2
4717 1
4718 4
4722 2
4724 1
4725 8
4733 4
4737 2
4739 1
4740 4
4744 2
4746 1
4747 8
4755 4
4759 2
4761 1
4762 4
4766 2
4768 1
4769 8
4777 4
4781 2
4783 1
4784 4
4788 2
4790 1
4791 8
4799 4
4803 2
4805 1
4806 4
4810 2
4812 1
4813 8
4821 4
4825 2
4827 1
4828 4
4832 2
4834 1
4835 8
4843 4
4847 2
4849 1
4850 4
4854 2
4856 1
4857 8
4865 4
4869 2
4871 1
4872 4
4876 2
4878 1
4879 8
4887 4
4891 2
4893 1
4894 4
4898 2
4900 1
4901 8
4909 4
4913 2
4915 1
4916 4
4920 2
4922 1
4923 8
4931 4
4935 2
4937 1
4938 4
4942 2
4944 1
4945 8
4953 4
4957 2
4959 1
4960 4
4964 2
4966 1
4967 8
4975 4
4979 2
4981 1
4982 4
4986 2
4988 1
4989 8
4997 4
5001 2
5003 1
5004 4
5008 2
5010 1
5011 8
5019 4
5023 2
5025 1
5026 4
5030 2
5032 1
5033 8
5041 4
5045 2
5047 1
5048 4
5052 2
5054 1
5055 8
5063 4
5067 2
5069 1
5070 4
5074 2
5076 1
5077 8
5085 4
5089 2
5091 1
5092 4
5096 2
5098 1
5099 8
5107 4
5111 2
5113 1
5114 4
5118 2
5120 1
5121 8
5129 4
5133 2
5135 1
5136 4
5140 2
5142 1
5143 8
5151 4
5155 2
5157 1
5158 4
5162 2
5164 1
5165 8
5173 4
5177 2
5179 1
5180 4
5184 2
5186 1
5187 8
5195 4
5199 2
5201 1
5202 4
5206 2
5208 1
5209 8
5217 4
5221 2
5223 1
5224 4
5228 2
5230 1
5231 8
5239 4
5243 2
5245 1
5246 4
5250 2
5252 1
5253 8
5261 4
5265 2
5267 1
5268 4
5272 2
5274 1
5275 8
5283 4
5287 2
5289 1
5290 4
5294 2
5296 1
5297 8
5305 4
5309 2
5311 1
5312 4
5316 2
5318 1
5319 8
5327 4
5331 2
5333 1
5334 4
5338 2
5340 1
5341 8
5349 4
5353 2
5355 1
5356 4
5360 2
5362 1
5363 8
5371 4
5375 2
5377 1
5378 4
5382 2
5384 1
5385 8
5393 4
5397 2
5399 1
5400 4
5404 2
5406 1
5407 8
5415 4
5419 2
5421 1
5422 4
5426 2
5428 1
5429 8
5437 4
5441 2
5443 1
5444 4
5448 2
5450 1
5451 8
5459 4
5463 2
5465 1
5466 4
5470 2
5472 1
5473 8
5481 4
5485 2
5487 1
5488 4
5492 2
5494 1
5495 8
5503 4
5507 2
5509 1
5510 4
5514 2
5516 1
5517 8
5525 4
5529 2
5531 1
5532 4
5536 2
5538 1
5539 8
5547 4
5551 2
5553 1
5554 4
5558 2
5560 1
5561 8
5569 4
5573 2
5575 1
5576 4
5580 2
5582 1
5583 8
5591 4
5595 2
5597 1
5598 4
5602 2
5604 1
5605 8
5613 4
5617 2
5619 1
5620 4
5624 2
5626 1
5627 8
5635 4
5639 2
5641 1
5642 4
5646 2
5648 1
5649 8
5657 4
5661 2
5663 1
5664 4
5668 2
5670 1
5671 8
5679 4
5683 2
5685 1
5686 4
5690 2
5692 1
5693 8
5701 4
5705 2
5707 1
5708 4
5712 2
5714 1
5715 8
5723 4
5727 2
5729 1
5730 4
5734 2
5736 1
5737 8
5745 4
5749 2
5751 1
5752 4
5756 2
5758 1
5759 8
5767 4
5771 2
5773 1
5774 4
5778 2
5780 1
5781 8
5789 4
5793 2
5795 1
5796 4
5800 2
5802 1
5803 8
5811 4
5815 2
5817 1
5818 4
5822 2
5824 1
5825 8
5833 4
5837 2
5839 1
5840 4
5844 2
5846 1
5847 8
5855 4
5859 2
5861 1
5862 4
5866 2
5868 1
5869 8
5877 4
5881 2
5883 1
5884 4
5888 2
5890 1
5891 8
5899 4
5903 2
5905 1
5906 4
5910 2
5912 1
5913 8
5921 4
5925 2
5927 1
5928 4
5932 2
5934 1
5935 8
5943 4
5947 2
5949 1
5950 4
5954 2
5956 1
5957 8
5965 4
5969 2
5971 1
5972 4
5976 2
5978 1
5979 8
5987 4
5991 2
5993 1
5994 4
5998 2
6000 1
6001 8
6009 4
6013 2
6015 1
6016 4
6020 2
6022 1
6023 8
6031 4
6035 2
6037 1
6038 4
6042 2
6044 1
6045 8
6053 4
6057 2
6059 1
6060 4
6064 2
6066 1
6067 8
6075 4
6079 2
6081 1
6082 4
6086 2
6088 1
6089 8
6097 4
6101 2
6103 1
6104 4
6108 2
6110 1
6111 8
6119 4
6123 2
6125 1
6126 4
6130 2
6132 1
6133 8
6141 4
6145 2
6147 1
6148 4
6152 2
6154 1
6155 8
6163 4
6167 2
6169 1
6170 4
6174 2
6176 1
6177 8
6185 4
6189 2
6191 1
6192 4
6196 2
6198 1
6199 8
6207 4
6211 2
6213 1
6214 4
6218 2
6220 1
6221 8
6229 4
6233 2
6235 1
6236 4
6240 2
6242 1
6243 8
6251 4
6255 2
6257 1
6258 4
6262 2
6264 1
6265 8
6273 4
6277 2
6279 1
6280 4
6284 2
6286 1
6287 8
6295 4
6299 2
6301 1
6302 4
6306 2
6308 1
6309 8
6317 4
6321 2
6323 1
6324 4
6328 2
6330 1
6331 8
6339 4
6343 2
6345 1
6346 4
6350 2
6352 1
6353 8
6361 4
6365 2
6367 1
6368 4
6372 2
6374 1
6375 8
6383 4
6387 2
6389 1
6390 4
6394 2
6396 1
6397 8
6405 4
6409 2
6411 1
6412 4
6416 2
6418 1
6419 8
6427 4
6431 2
6433 1
6434 4
6438 2
6440 1
6441 8
6449 4
6453 2
6455 1
6456 4
6460 2
6462 1
6463 8
6471 4
6475 2
6477 1
6478 4
6482 2
6484 1
6485 8
6493 4
6497 2
6499 1
6500 4
6504 2
6506 1
6507 8
6515 4
6519 2
6521 1
6522 4
6526 2
6528 1
6529 8
6537 4
6541 2
6543 1
6544 4
6548 2
6550 1
6551 8
6559 4
6563 2
6565 1
6566 4
6570 2
6572 1
6573 8
6581 4
6585 2
6587 1
6588 4
6592 2
6594 1
6595 8
6603 4
6607 2
6609 1
6610 4
6614 2
6616 1
6617 8
6625 4
6629 2
6631 1
6632 4
6636 2
6638 1
6639 8
6647 4
6651 2
6653 1
6654 4
6658 2
6660 1
6661 8
6669 4
6673 2
6675 1
6676 4
6680 2
6682 1
6683 8
6691 4
6695 2
6697 1
6698 4
6702 2
6704 1
6705 8
6713 4
6717 2
6719 1
6720 4
6724 2
6726 1
6727 8
6735 4
6739 2
6741 1
6742 4
6746 2
6748 1
6749 8
6757 4
6761 2
6763 1
6764 4
6768 2
6770 1
6771 8
6779 4
6783 2
6785 1
6786 4
6790 2
6792 1
6793 8
6801 4
6805 2
6807 1
6808 4
6812 2
6814 1
6815 8
6823 4
6827 2
6829 1
6830 4
6834 2
6836 1
6837 8
6845 4
6849 2
6851 1
6852 4
6856 2
6858 1
6859 8
6867 4
6871 2
6873 1
6874 4
6878 2
6880 1
6881 8
6889 4
6893 2
6895 1
6896 4
6900 2
6902 1
6903 8
6911 4
6915 2
6917 1
6918 4
6922 2
6924 1
6925 8
6933 4
6937 2
6939 1
6940 4
6944 2
6946 1
6947 8
6955 4
6959 2
6961 1
6962 4
6966 2
6968 1
6969 8
6977 4
6981 2
6983 1
6984 4
6988 2
6990 1
6991 8
6999 4
7003 2
7005 1
7006 4
7010 2
7012 1
7013 8
7021 4
7025 2
7027 1
7028 4
7032 2
7034 1
7035 8
7043 4
7047 2
7049 1
7050 4
7054 2
7056 1
7057 8
7065 4
7069 2
7071 1
7072 4
7076 2
7078 1
7079 8
7087 4
7091 2
7093 1
7094 4
7098 2
7100 1
7101 8
7109 4
7113 2
7115 1
7116 4
7120 2
7122 1
7123 8
7131 4
7135 2
7137 1
7138 4
7142 2
7144 1
7145 8
7153 4
7157 2
7159 1
7160 4
7164 2
7166 1
7167 8
7175 4
7179 2
7181 1
7182 4
7186 2
7188 1
7189 8
7197 4
7201 2
7203 1
7204 4
7208 2
7210 1
7211 8
7219 4
7223 2
7225 1
7226 4
7230 2
7232 1
7233 8
7241 4
7245 2
7247 1
7248 4
7252 2
7254 1
7255 8
7263 4
7267 2
7269 1
7270 4
7274 2
7276 1
7277 8
7285 4
7289 2
7291 1
7292 4
7296 2
7298 1
7299 8
7307 4
7311 2
7313 1
7314 4
7318 2
7320 1
7321 8
7329 4
7333 2
7335 1
7336 4
7340 2
7342 1
7343 8
7351 4
7355 2
7357 1
7358 4
7362 2
7364 1
7365 8
7373 4
7377 2
7379 1
7380 4
7384 2
7386 1
7387 8
7395 4
7399 2
7401 1
7402 4
7406 2
7408 1
7409 8
7417 4
7421 2
7423 1
7424 4
7428 2
7430 1
7431 8
7439 4
7443 2
7445 1
7446 4
7450 2
7452 1
7453 8
7461 4
7465 2
7467 1
7468 4
7472 2
7474 1
7475 8
7483 4
7487 2
7489 1
7490 4
7494 2
7496 1
7497 8
7505 4
7509 2
7511 1
7512 4
7516 2
7518 1
7519 8
7527 4
7531 2
7533 1
7534 4
7538 2
7540 1
7541 8
7549 4
7553 2
7555 1
7556 4
7560 2
7562 1
7563 8
7571 4
7575 2
7577 1
7578 4
7582 2
7584 1
7585 8
7593 4
7597 2
7599 1
7600 4
7604 2
7606 1
7607 8
7615 4
7619 2
7621 1
7622 4
7626 2
7628 1
7629 8
7637 4
7641 2
7643 1
7644 4
7648 2
7650 1
7651 8
7659 4
7663 2
7665 1
7666 4
7670 2
7672 1
7673 8
7681 4
7685 2
7687 1
7688 4
7692 2
7694 1
7695 8
7703 4
7707 2
7709 1
7710 4
7714 2
7716 1
7717 8
7725 4
7729 2
7731 1
7732 4
7736 2
7738 1
7739 8
7747 4
7751 2
7753 1
7754 4
7758 2
7760 1
7761 8
7769 4
7773 2
7775 1
7776 4
7780 2
7782 1
7783 8
7791 4
7795 2
7797 1
7798 4
7802 2
7804 1
7805 8
7813 4
7817 2
7819 1
7820 4
7824 2
7826 1
7827 8
7835 4
7839 2
7841 1
7842 4
7846 2
7848 1
7849 8
7857 4
7861 2
7863 1
7864 4
7868 2
7870 1
7871 8
7879 4
7883 2
7885 1
7886 4
7890 2
7892 1
7893 8
7901 4
7905 2
7907 1
7908 4
7912 2
7914 1
7915 8
7923 4
7927 2
7929 1
7930 4
7934 2
7936 1
7937 8
7945 4
7949 2
7951 1
7952 4
7956 2
7958 1
7959 8
7967 4
7971 2
7973 1
7974 4
7978 2
7980 1
7981 8
7989 4
7993 2
7995 1
7996 4
8000 2
8002 1
8003 8
8011 4
8015 2
8017 1
8018 4
8022 2
8024 1
8025 8
8033 4
8037 2
8039 1
8040 4
8044 2
8046 1
8047 8
8055 4
8059 2
8061 1
8062 4
8066 2
8068 1
8069 8
8077 4
8081 2
8083 1
8084 4
8088 2
8090 1
8091 8
8099 4
8103 2
8105 1
8106 4
8110 2
8112 1
8113 8
8121 4
8125 2
8127 1
8128 4
8132 2
8134 1
8135 8
8143 4
8147 2
8149 1
8150 4
8154 2
8156 1
8157 8
8165 4
8169 2
8171 1
8172 4
8176 2
8178 1
8179 8
8187 4
8191 2
8193 1
8194 4
8198 2
8200 1
8201 8
8209 4
8213 2
8215 1
8216 4
8220 2
8222 1
8223 8
8231 4
8235 2
8237 1
8238 4
8242 2
8244 1
8245 8
8253 4
8257 2
8259 1
8260 4
8264 2
8266 1
8267 8
8275 4
8279 2
8281 1
8282 4
8286 2
8288 1
8289 8
8297 4
8301 2
8303 1
8304 4
8308 2
8310 1
8311 8
8319 4
8323 2
8325 1
8326 4
8330 2
8332 1
8333 8
8341 4
8345 2
8347 1
8348 4
8352 2
8354 1
8355 8
8363 4
8367 2
8369 1
8370 4
8374 2
8376 1
8377 8
8385 4
8389 2
8391 1
8392 4
8396 2
8398 1
8399 8
8407 4
8411 2
8413 1
8414 4
8418 2
8420 1
8421 8
8429 4
8433 2
8435 1
8436 4
8440 2
8442 1
8443 8
8451 4
8455 2
8457 1
8458 4
8462 2
8464 1
8465 8
8473 4
8477 2
8479 1
8480 4
8484 2
8486 1
8487 8
8495 4
8499 2
8501 1
8502 4
8506 2
8508 1
8509 8
8517 4
8521 2
8523 1
8524 4
8528 2
8530 1
8531 8
8539 4
8543 2
8545 1
8546 4
8550 2
8552 1
8553 8
8561 4
8565 2
8567 1
8568 4
8572 2
8574 1
8575 8
8583 4
8587 2
8589 1
8590 4
8594 2
8596 1
8597 8
8605 4
8609 2
8611 1
8612 4
8616 2
8618 1
8619 8
8627 4
8631 2
8633 1
8634 4
8638 2
8640 1
8641 8
8649 4
8653 2
8655 1
8656 4
8660 2
8662 1
8663 8
8671 4
8675 2
8677 1
8678 4
8682 2
8684 1
8685 8
8693 4
8697 2
8699 1
8700 4
8704 2
8706 1
8707 8
8715 4
8719 2
8721 1
8722 4
8726 2
8728 1
8729 8
8737 4
8741 2
8743 1
8744 4
8748 2
8750 1
8751 8
8759 4
8763 2
8765 1
8766 4
8770 2
8772 1
8773 8
8781 4
8785 2
8787 1
8788 4
8792 2
8794 1
8795 8
8803 4
8807 2
8809 1
8810 4
8814 2
8816 1
8817 8
8825 4
8829 2
8831 1
8832 4
8836 2
8838 1
8839 8
8847 4
8851 2
8853 1
8854 4
8858 2
8860 1
8861 8
8869 4
8873 2
8875 1
8876 4
8880 2
8882 1
8883 8
8891 4
8895 2
8897 1
8898 4
8902 2
8904 1
8905 8
8913 4
8917 2
8919 1
8920 4
8924 2
8926 1
8927 8
8935 4
8939 2
8941 1
8942 4
8946 2
8948 1
8949 8
8957 4
8961 2
8963 1
8964 4
8968 2
8970 1
8971 8
8979 4
8983 2
8985 1
8986 4
8990 2
8992 1
8993 8
9001 4
9005 2
9007 1
9008 4
9012 2
9014 1
9015 8
9023 4
9027 2
9029 1
9030 4
9034 2
9036 1
9037 8
9045 4
9049 2
9051 1
9052 4
9056 2
9058 1
9059 8
9067 4
9071 2
9073 1
9074 4
9078 2
9080 1
9081 8
9089 4
9093 2
9095 1
9096 4
9100 2
9102 1
9103 8
9111 4
9115 2
9117 1
9118 4
9122 2
9124 1
9125 8
9133 4
9137 2
9139 1
9140 4
9144 2
9146 1
9147 8
9155 4
9159 2
9161 1
9162 4
9166 2
9168 1
9169 8
9177 4
9181 2
9183 1
9184 4
9188 2
9190 1
9191 8
9199 4
9203 2
9205 1
9206 4
9210 2
9212 1
9213 8
9221 4
9225 2
9227 1
9228 4
9232 2
9234 1
9235 8
9243 4
9247 2
9249 1
9250 4
9254 2
9256 1
9257 8
9265 4
9269 2
9271 1
9272 4
9276 2
9278 1
9279 8
9287 4
9291 2
9293 1
9294 4
9298 2
9300 1
9301 8
9309 4
9313 2
9315 1
9316 4
9320 2
9322 1
9323 8
9331 4
9335 2
9337 1
9338 4
9342 2
9344 1
9345 8
9353 4
9357 2
9359 1
9360 4
9364 2
9366 1
9367 8
9375 4
9379 2
9381 1
9382 4
9386 2
9388 1
9389 8
9397 4
9401 2
9403 1
9404 4
9408 2
9410 1
9411 8
9419 4
9423 2
9425 1
9426 4
9430 2
9432 1
9433 8
9441 4
9445 2
9447 1
9448 4
9452 2
9454 1
9455 8
9463 4
9467 2
9469 1
9470 4
9474 2
9476 1
9477 8
9485 4
9489 2
9491 1
9492 4
9496 2
9498 1
9499 8
9507 4
9511 2
9513 1
9514 4
9518 2
9520 1
9521 8
9529 4
9533 2
9535 1
9536 4
9540 2
9542 1
9543 8
9551 4
9555 2
9557 1
9558 4
9562 2
9564 1
9565 8
9573 4
9577 2
9579 1
9580 4
9584 2
9586 1
9587 8
9595 4
9599 2
9601 1
9602 4
9606 2
9608 1
9609 8
9617 4
9621 2
9623 1
9624 4
9628 2
9630 1
9631 8
9639 4
9643 2
9645 1
9646 4
9650 2
9652 1
9653 8
9661 4
9665 2
9667 1
9668 4
9672 2
9674 1
9675 8
9683 4
9687 2
9689 1
9690 4
9694 2
9696 1
9697 8
9705 4
9709 2
9711 1
9712 4
9716 2
9718 1
9719 8
9727 4
9731 2
9733 1
9734 4
9738 2
9740 1
9741 8
9749 4
9753 2
9755 1
9756 4
9760 2
9762 1
9763 8
9771 4
9775 2
9777 1
9778 4
9782 2
9784 1
9785 8
9793 4
9797 2
9799 1
9800 4
9804 2
9806 1
9807 8
9815 4
9819 2
9821 1
9822 4
9826 2
9828 1
9829 8
9837 4
9841 2
9843 1
9844 4
9848 2
9850 1
9851 8
9859 4
9863 2
9865 1
9866 4
9870 2
9872 1
9873 8
9881 4
9885 2
9887 1
9888 4
9892 2
9894 1
9895 8
9903 4
9907 2
9909 1
9910 4
9914 2
9916 1
9917 8
9925 4
9929 2
9931 1
9932 4
9936 2
9938 1
9939 8
9947 4
9951 2
9953 1
9954 4
9958 2
9960 1
9961 8
9969 4
9973 2
9975 1
9976 4
9980 2
9982 1
9983 8
9991 4
9995 2
9997 1
9998 4
10002 2
10004 1
10005 8
10013 4
10017 2
10019 1
10020 4
10024 2
10026 1
10027 8
10035 4
10039 2
10041 1
10042 4
10046 2
10048 1
10049 8
10057 4
10061 2
10063 1
10064 4
10068 2
10070 1
10071 8
10079 4
10083 2
10085 1
10086 4
10090 2
10092 1
10093 8
10101 4
10105 2
10107 1
10108 4
10112 2
10114 1
10115 8
10123 4
10127 2
10129 1
10130 4
10134 2
10136 1
10137 8
10145 4
10149 2
10151 1
10152 4
10156 2
10158 1
10159 8
10167 4
10171 2
10173 1
10174 4
10178 2
10180 1
10181 8
10189 4
10193 2
10195 1
10196 4
10200 2
10202 1
10203 8
10211 4
10215 2
10217 1
10218 4
10222 2
10224 1
10225 8
10233 4
10237 2
10239 1
10240 4
10244 2
10246 1
10247 8
10255 4
10259 2
10261 1
