1934
1 1
2 2
4 4
8 8
16 16
32 32
64 64
128 128
256 256
512 512
1024 1024
2048 2048
4096 4096
8192 8192
16384 16384
32768 32768
65536 65536
131072 131072
262144 262144
524288 262144
786432 131072
917504 65536
983040 16384
999424 512
999936 64
1000000 2
1000002 1
1000003 16
1000019 8
1000027 4
1000031 2
1000033 4
1000037 2
1000039 32
1000071 8
1000079 2
1000081 16
1000097 2
1000099 16
1000115 2
1000117 4
1000121 8
1000129 4
1000133 16
1000149 2
1000151 8
1000159 8
1000167 4
1000171 8
1000179 4
1000183 4
1000187 4
1000191 2
1000193 4
1000197 2
1000199 8
1000207 4
1000211 2
1000213 16
1000229 2
1000231 16
1000247 2
1000249 4
1000253 16
1000269 4
1000273 16
1000289 2
1000291 8
1000299 4
1000303 8
1000311 2
1000313 16
1000329 4
1000333 16
1000349 8
1000357 8
1000365 2
1000367 8
1000375 4
1000379 2
1000381 8
1000389 4
1000393 4
1000397 4
1000401 2
1000403 4
1000407 2
1000409 8
1000417 4
1000421 2
1000423 4
1000427 2
1000429 16
1000445 8
1000453 4
1000457 32
1000489 16
1000505 2
1000507 16
1000523 8
1000531 4
1000535 2
1000537 4
1000541 4
1000545 2
1000547 16
1000563 8
1000571 4
1000575 2
1000577 2
1000579 8
1000587 2
1000589 16
1000605 4
1000609 8
1000617 2
1000619 2
1000621 16
1000637 2
1000639 8
1000647 4
1000651 16
1000667 2
1000669 8
1000677 2
1000679 8
1000687 4
1000691 4
1000695 2
1000697 16
1000713 8
1000721 2
1000723 32
1000755 8
1000763 8
1000771 4
1000775 2
1000777 16
1000793 32
1000825 4
1000829 16
1000845 2
1000847 2
1000849 8
1000857 2
1000859 2
1000861 16
1000877 8
1000885 4
1000889 16
1000905 2
1000907 8
1000915 4
1000919 2
1000921 8
1000929 2
1000931 32
1000963 4
1000967 2
1000969 4
1000973 8
1000981 16
1000997 2
1000999 4
1001003 8
1001011 4
1001015 2
1001017 4
1001021 2
1001023 4
1001027 8
1001035 4
1001039 2
1001041 16
1001057 8
1001065 4
1001069 8
1001077 4
1001081 4
1001085 2
1001087 2
1001089 4
1001093 8
1001101 4
1001105 2
1001107 16
1001123 16
1001139 8
1001147 4
1001151 2
1001153 4
1001157 2
1001159 8
1001167 4
1001171 2
1001173 4
1001177 8
1001185 4
1001189 2
1001191 4
1001195 2
1001197 16
1001213 4
1001217 2
1001219 16
1001235 2
1001237 16
1001253 8
1001261 4
1001265 2
1001267 8
1001275 4
1001279 8
1001287 4
1001291 8
1001299 4
1001303 8
1001311 8
1001319 2
1001321 2
1001323 4
1001327 16
1001343 4
1001347 4
1001351 2
1001353 16
1001369 8
1001377 4
1001381 4
1001385 2
1001387 2
1001389 8
1001397 4
1001401 8
1001409 2
1001411 16
1001427 4
1001431 16
1001447 8
1001455 4
1001459 8
1001467 16
1001483 8
1001491 8
1001499 2
1001501 16
1001517 8
1001525 2
1001527 4
1001531 16
1001547 2
1001549 2
1001551 8
1001559 4
1001563 4
1001567 2
1001569 16
1001585 2
1001587 4
1001591 2
1001593 16
1001609 8
1001617 4
1001621 8
1001629 8
1001637 2
1001639 16
1001655 4
1001659 8
1001667 2
1001669 8
1001677 4
1001681 2
1001683 4
1001687 16
1001703 8
1001711 2
1001713 8
1001721 2
1001723 16
1001739 4
1001743 32
1001775 8
1001783 8
1001791 4
1001795 2
1001797 4
1001801 4
1001805 2
1001807 2
1001809 8
1001817 4
1001821 8
1001829 2
1001831 8
1001839 64
1001903 8
1001911 16
1001927 4
1001931 2
1001933 8
1001941 4
1001945 2
1001947 4
1001951 2
1001953 16
1001969 8
1001977 4
1001981 2
1001983 4
1001987 2
1001989 16
1002005 8
1002013 4
1002017 32
1002049 8
1002057 4
1002061 8
1002069 4
1002073 4
1002077 4
1002081 2
1002083 8
1002091 8
1002099 2
1002101 8
1002109 8
1002117 4
1002121 16
1002137 4
1002141 2
1002143 4
1002147 2
1002149 2
1002151 16
1002167 4
1002171 2
1002173 16
1002189 2
1002191 32
1002223 4
1002227 8
1002235 4
1002239 2
1002241 4
1002245 2
1002247 8
1002255 2
1002257 2
1002259 4
1002263 16
1002279 8
1002287 2
1002289 8
1002297 2
1002299 32
1002331 8
1002339 2
1002341 2
1002343 4
1002347 2
1002349 8
1002357 2
1002359 2
1002361 16
1002377 16
1002393 8
1002401 2
1002403 16
1002419 8
1002427 4
1002431 2
1002433 16
1002449 2
1002451 4
1002455 2
1002457 8
1002465 2
1002467 8
1002475 4
1002479 2
1002481 4
1002485 2
1002487 4
1002491 2
1002493 8
1002501 2
1002503 8
1002511 4
1002515 2
1002517 4
1002521 2
1002523 4
1002527 16
1002543 8
1002551 2
1002553 16
1002569 8
1002577 4
1002581 2
1002583 32
1002615 4
1002619 4
1002623 16
1002639 8
1002647 4
1002651 2
1002653 16
1002669 8
1002677 2
1002679 16
1002695 8
1002703 4
1002707 2
1002709 4
1002713 4
1002717 2
1002719 2
1002721 16
1002737 2
1002739 8
1002747 4
1002751 16
1002767 2
1002769 4
1002773 8
1002781 4
1002785 2
1002787 8
1002795 2
1002797 8
1002805 4
1002809 8
1002817 4
1002821 16
1002837 8
1002845 4
1002849 2
1002851 2
1002853 4
1002857 4
1002861 2
1002863 8
1002871 16
1002887 4
1002891 2
1002893 4
1002897 2
1002899 8
1002907 4
1002911 2
1002913 4
1002917 8
1002925 4
1002929 2
1002931 32
1002963 8
1002971 2
1002973 4
1002977 2
1002979 16
1002995 4
1002999 2
1003001 2
1003003 16
1003019 16
1003035 4
1003039 8
1003047 2
1003049 32
1003081 4
1003085 2
1003087 4
1003091 4
1003095 2
1003097 4
1003101 2
1003103 4
1003107 2
1003109 2
1003111 16
1003127 4
1003131 2
1003133 8
1003141 32
1003173 16
1003189 4
1003193 4
1003197 2
1003199 2
1003201 32
1003233 8
1003241 16
1003257 2
1003259 8
1003267 4
1003271 2
1003273 4
1003277 2
1003279 8
1003287 4
1003291 16
1003307 16
1003323 8
1003331 4
1003335 2
1003337 8
1003345 4
1003349 2
1003351 8
1003359 2
1003361 2
1003363 4
1003367 2
1003369 8
1003377 4
1003381 16
1003397 8
1003405 4
1003409 2
1003411 4
1003415 2
1003417 16
1003433 16
1003449 8
1003457 4
1003461 2
1003463 4
1003467 2
1003469 32
1003501 4
1003505 2
1003507 8
1003515 2
1003517 16
1003533 8
1003541 2
1003543 4
1003547 2
1003549 32
1003581 8
1003589 8
1003597 4
1003601 8
1003609 8
1003617 2
1003619 2
1003621 4
1003625 2
1003627 4
1003631 32
1003663 16
1003679 8
1003687 4
1003691 2
1003693 16
1003709 2
1003711 16
1003727 2
1003729 4
1003733 8
1003741 4
1003745 2
1003747 4
1003751 2
1003753 4
1003757 4
1003761 2
1003763 8
1003771 16
1003787 16
1003803 8
1003811 4
1003815 2
1003817 2
1003819 16
1003835 4
1003839 2
1003841 32
1003873 4
1003877 2
1003879 8
1003887 2
1003889 8
1003897 8
1003905 2
1003907 2
1003909 4
1003913 16
1003929 2
1003931 8
1003939 4
1003943 8
1003951 4
1003955 2
1003957 4
1003961 2
1003963 64
1004027 4
1004031 2
1004033 16
1004049 4
1004053 4
1004057 4
1004061 2
1004063 8
1004071 4
1004075 2
1004077 8
1004085 4
1004089 16
1004105 8
1004113 4
1004117 2
1004119 16
1004135 2
1004137 4
1004141 16
1004157 4
1004161 4
1004165 2
1004167 32
1004199 8
1004207 2
1004209 8
1004217 4
1004221 8
1004229 4
1004233 32
1004265 8
1004273 4
1004277 2
1004279 8
1004287 4
1004291 2
1004293 8
1004301 2
1004303 8
1004311 4
1004315 2
1004317 4
1004321 2
1004323 32
1004355 8
1004363 8
1004371 16
1004387 8
1004395 4
1004399 2
1004401 16
1004417 8
1004425 4
1004429 8
1004437 4
1004441 8
1004449 4
1004453 8
1004461 16
1004477 4
1004481 2
1004483 16
1004499 2
1004501 16
1004517 8
1004525 2
1004527 8
1004535 2
1004537 8
1004545 4
1004549 2
1004551 8
1004559 2
1004561 4
1004565 2
1004567 32
1004599 32
1004631 16
1004647 4
1004651 4
1004655 2
1004657 2
1004659 8
1004667 2
1004669 2
1004671 4
1004675 2
1004677 8
1004685 2
1004687 32
1004719 4
1004723 8
1004731 4
1004735 2
1004737 4
1004741 2
1004743 4
1004747 2
1004749 8
1004757 4
1004761 16
1004777 2
1004779 16
1004795 2
1004797 64
1004861 8
1004869 4
1004873 16
1004889 8
1004897 4
1004901 2
1004903 8
1004911 4
1004915 2
1004917 32
1004949 8
1004957 4
1004961 2
1004963 8
1004971 4
1004975 2
1004977 4
1004981 4
1004985 2
1004987 16
1005003 4
1005007 4
1005011 2
1005013 4
1005017 2
1005019 8
1005027 2
1005029 8
1005037 4
1005041 8
1005049 16
1005065 4
1005069 2
1005071 2
1005073 4
1005077 2
1005079 16
1005095 4
1005099 2
1005101 4
1005105 2
1005107 16
1005123 8
1005131 2
1005133 8
1005141 2
1005143 16
1005159 2
1005161 16
1005177 8
1005185 2
1005187 16
1005203 4
1005207 2
1005209 8
1005217 4
1005221 2
1005223 4
1005227 2
1005229 8
1005237 2
1005239 2
1005241 16
1005257 8
1005265 4
1005269 16
1005285 2
1005287 4
1005291 2
1005293 16
1005309 4
1005313 4
1005317 8
1005325 4
1005329 2
1005331 16
1005347 2
1005349 8
1005357 2
1005359 8
1005367 4
1005371 2
1005373 16
1005389 2
1005391 16
1005407 2
1005409 4
1005413 8
1005421 4
1005425 2
1005427 8
1005435 2
1005437 2
1005439 16
1005455 2
1005457 8
1005465 2
1005467 8
1005475 4
1005479 2
1005481 8
1005489 4
1005493 8
1005501 2
1005503 16
1005519 8
1005527 8
1005535 4
1005539 2
1005541 8
1005549 2
1005551 2
1005553 16
1005569 8
1005577 4
1005581 8
1005589 4
1005593 16
1005609 8
1005617 2
1005619 16
1005635 2
1005637 4
1005641 2
1005643 4
1005647 8
1005655 4
1005659 2
1005661 16
1005677 2
1005679 16
1005695 4
1005699 2
1005701 8
1005709 32
1005741 8
1005749 2
1005751 8
1005759 2
1005761 32
1005793 16
1005809 8
1005817 4
1005821 4
1005825 2
1005827 4
1005831 2
1005833 32
1005865 16
1005881 2
1005883 16
1005899 8
1005907 4
1005911 2
1005913 16
1005929 2
1005931 4
1005935 2
1005937 16
1005953 4
1005957 2
1005959 8
1005967 4
1005971 16
1005987 2
1005989 8
1005997 4
1006001 2
1006003 4
1006007 8
1006015 4
1006019 2
1006021 16
1006037 16
1006053 8
1006061 2
1006063 16
1006079 8
1006087 4
1006091 32
1006123 8
1006131 2
1006133 8
1006141 4
1006145 2
1006147 4
1006151 2
1006153 8
1006161 2
1006163 4
1006167 2
1006169 2
1006171 4
1006175 2
1006177 8
1006185 4
1006189 4
1006193 16
1006209 8
1006217 2
1006219 8
1006227 4
1006231 4
1006235 2
1006237 4
1006241 8
1006249 4
1006253 8
1006261 4
1006265 2
1006267 8
1006275 4
1006279 16
1006295 4
1006299 2
1006301 2
1006303 4
1006307 2
1006309 16
1006325 4
1006329 2
1006331 2
1006333 4
1006337 2
1006339 8
1006347 4
1006351 8
1006359 2
1006361 4
1006365 2
1006367 16
1006383 8
1006391 2
1006393 32
1006425 8
1006433 8
1006441 16
1006457 4
1006461 2
1006463 4
1006467 2
1006469 2
1006471 16
1006487 4
1006491 2
1006493 8
1006501 4
1006505 2
1006507 4
1006511 2
1006513 16
1006529 2
1006531 8
1006539 4
1006543 4
1006547 8
1006555 4
1006559 16
1006575 8
1006583 4
1006587 2
1006589 16
1006605 4
1006609 4
1006613 16
1006629 4
1006633 4
1006637 8
1006645 4
1006649 2
1006651 32
1006683 16
1006699 8
1006707 4
1006711 8
1006719 2
1006721 16
1006737 2
1006739 8
1006747 4
1006751 16
1006767 2
1006769 8
1006777 4
1006781 2
1006783 16
1006799 32
1006831 16
1006847 4
1006851 2
1006853 8
1006861 16
1006877 2
1006879 4
1006883 8
1006891 4
1006895 2
1006897 32
1006929 4
1006933 4
1006937 8
1006945 4
1006949 16
1006965 4
1006969 8
1006977 2
1006979 8
1006987 4
1006991 16
1007007 8
1007015 4
1007019 2
1007021 2
1007023 16
1007039 8
1007047 8
1007055 4
1007059 16
1007075 4
1007079 2
1007081 8
1007089 8
1007097 2
1007099 16
1007115 2
1007117 2
1007119 8
1007127 2
1007129 8
1007137 16
1007153 8
1007161 8
1007169 4
1007173 4
1007177 2
1007179 16
1007195 8
1007203 16
1007219 8
1007227 4
1007231 8
1007239 4
1007243 4
1007247 2
1007249 32
1007281 16
1007297 2
1007299 8
1007307 2
1007309 8
1007317 16
1007333 4
1007337 2
1007339 8
1007347 4
1007351 2
1007353 4
1007357 2
1007359 16
1007375 4
1007379 2
1007381 4
1007385 2
1007387 8
1007395 4
1007399 2
1007401 16
1007417 8
1007425 4
1007429 8
1007437 4
1007441 16
1007457 2
1007459 8
1007467 16
1007483 8
1007491 4
1007495 2
1007497 16
1007513 4
1007517 2
1007519 8
1007527 16
1007543 4
1007547 2
1007549 8
1007557 32
1007589 8
1007597 2
1007599 8
1007607 2
1007609 32
1007641 4
1007645 2
1007647 4
1007651 16
1007667 8
1007675 4
1007679 2
1007681 2
1007683 8
1007691 2
1007693 8
1007701 8
1007709 2
1007711 8
1007719 4
1007723 4
1007727 2
1007729 2
1007731 16
1007747 2
1007749 4
1007753 4
1007757 2
1007759 8
1007767 4
1007771 16
1007787 2
1007789 8
1007797 4
1007801 4
1007805 2
1007807 4
1007811 2
1007813 4
1007817 2
1007819 8
1007827 16
1007843 8
1007851 4
1007855 2
1007857 4
1007861 8
1007869 4
1007873 8
1007881 4
1007885 2
1007887 4
1007891 16
1007907 8
1007915 4
1007919 2
1007921 8
1007929 4
1007933 4
1007937 2
1007939 16
1007955 2
1007957 2
1007959 8
1007967 4
1007971 4
1007975 2
1007977 16
1007993 8
1008001 8
1008009 4
1008013 4
1008017 8
1008025 4
1008029 2
1008031 4
1008035 2
1008037 4
1008041 2
1008043 32
1008075 16
1008091 8
1008099 2
1008101 16
1008117 8
1008125 4
1008129 2
1008131 16
1008147 8
1008155 2
1008157 16
1008173 8
1008181 4
1008185 2
1008187 4
1008191 2
1008193 4
1008197 2
1008199 8
1008207 2
1008209 8
1008217 4
1008221 2
1008223 4
1008227 2
1008229 4
1008233 4
1008237 2
1008239 8
1008247 8
1008255 2
1008257 4
1008261 2
1008263 32
1008295 16
1008311 4
1008315 2
1008317 4
1008321 2
1008323 8
1008331 16
1008347 4
1008351 2
1008353 16
1008369 4
1008373 4
1008377 2
1008379 16
1008395 4
1008399 2
1008401 4
1008405 2
1008407 2
1008409 8
1008417 2
1008419 2
1008421 8
1008429 4
1008433 4
1008437 8
1008445 4
1008449 2
1008451 16
1008467 16
1008483 8
1008491 2
1008493 4
1008497 2
1008499 4
1008503 8
1008511 4
1008515 2
1008517 16
1008533 8
1008541 4
1008545 2
1008547 16
1008563 8
1008571 16
1008587 2
1008589 16
1008605 2
1008607 4
1008611 2
1008613 4
1008617 32
1008649 8
1008657 2
1008659 32
1008691 8
1008699 2
1008701 16
1008717 2
1008719 16
1008735 8
1008743 16
1008759 8
1008767 4
1008771 2
1008773 4
1008777 2
1008779 2
1008781 8
1008789 4
1008793 16
1008809 8
1008817 8
1008825 4
1008829 16
1008845 4
1008849 2
1008851 2
1008853 4
1008857 2
1008859 4
1008863 8
1008871 16
1008887 8
1008895 4
1008899 2
1008901 8
1008909 2
1008911 2
1008913 8
1008921 2
1008923 8
1008931 4
1008935 2
1008937 8
1008945 2
1008947 32
1008979 4
1008983 4
1008987 2
1008989 2
1008991 16
1009007 16
1009023 8
1009031 4
1009035 2
1009037 8
1009045 4
1009049 8
1009057 4
1009061 32
1009093 4
1009097 16
1009113 8
1009121 16
1009137 2
1009139 8
1009147 4
1009151 2
1009153 4
1009157 2
1009159 4
1009163 16
1009179 8
1009187 2
1009189 4
1009193 4
1009197 2
1009199 2
1009201 4
1009205 2
1009207 16
1009223 8
1009231 4
1009235 2
1009237 4
1009241 2
1009243 4
1009247 8
1009255 4
1009259 16
1009275 8
1009283 4
1009287 2
1009289 2
1009291 8
1009299 2
1009301 2
1009303 16
1009319 2
1009321 16
1009337 4
1009341 2
1009343 8
1009351 4
1009355 2
1009357 4
1009361 8
1009369 4
1009373 8
1009381 4
1009385 2
1009387 8
1009395 4
1009399 16
1009415 2
1009417 16
1009433 4
1009437 2
1009439 16
1009455 2
1009457 16
1009473 8
1009481 2
1009483 4
1009487 8
1009495 4
1009499 2
1009501 4
1009505 2
1009507 16
1009523 8
1009531 4
1009535 2
1009537 16
1009553 4
1009557 2
1009559 8
1009567 4
1009571 2
1009573 16
1009589 8
1009597 4
1009601 8
1009609 8
1009617 4
1009621 4
1009625 2
1009627 8
1009635 2
1009637 4
1009641 2
1009643 4
1009647 2
1009649 2
1009651 16
1009667 2
1009669 32
1009701 16
1009717 8
1009725 2
1009727 8
1009735 4
1009739 2
1009741 4
1009745 2
1009747 32
1009779 2
1009781 4
1009785 2
1009787 16
1009803 4
1009807 8
1009815 4
1009819 16
1009835 2
1009837 4
1009841 2
1009843 16
1009859 8
1009867 4
1009871 2
1009873 16
1009889 8
1009897 4
1009901 8
1009909 16
1009925 2
1009927 8
1009935 2
1009937 8
1009945 4
1009949 2
1009951 8
1009959 4
1009963 16
1009979 8
1009987 4
1009991 2
1009993 4
1009997 4
1010001 2
1010003 16
1010019 8
1010027 4
1010031 2
1010033 32
1010065 4
1010069 8
1010077 4
1010081 2
1010083 32
1010115 8
1010123 4
1010127 2
1010129 2
1010131 8
1010139 4
1010143 16
1010159 8
1010167 8
1010175 4
1010179 16
1010195 4
1010199 2
1010201 2
1010203 32
1010235 2
1010237 16
1010253 8
1010261 2
1010263 16
1010279 8
1010287 4
1010291 4
1010295 2
1010297 32
1010329 16
1010345 8
1010353 4
1010357 16
1010373 8
1010381 16
1010397 8
1010405 2
1010407 4
1010411 8
1010419 4
1010423 8
1010431 16
1010447 8
1010455 4
1010459 2
1010461 4
1010465 2
1010467 4
1010471 2
1010473 16
1010489 2
1010491 8
1010499 2
1010501 8
1010509 8
1010517 2
1010519 16
1010535 8
1010543 4
1010547 2
1010549 16
1010565 2
1010567 8
1010575 4
1010579 32
1010611 4
1010615 2
1010617 4
1010621 2
1010623 4
1010627 32
1010659 8
1010667 4
1010671 8
1010679 4
1010683 4
1010687 16
1010703 8
1010711 4
1010715 2
1010717 2
1010719 16
1010735 8
1010743 4
1010747 2
1010749 4
1010753 4
1010757 2
1010759 8
1010767 4
1010771 8
1010779 4
1010783 8
1010791 4
1010795 2
1010797 8
1010805 4
1010809 16
1010825 8
1010833 8
1010841 2
1010843 16
1010859 2
1010861 16
1010877 4
1010881 16
1010897 2
1010899 4
1010903 8
1010911 4
1010915 2
1010917 8
1010925 4
1010929 16
1010945 8
1010953 4
1010957 16
1010973 8
1010981 2
1010983 8
1010991 2
1010993 8
1011001 8
1011009 4
1011013 16
1011029 8
1011037 16
1011053 8
1011061 4
1011065 2
1011067 4
1011071 4
1011075 2
1011077 2
1011079 8
1011087 4
1011091 16
1011107 16
1011123 8
1011131 4
1011135 2
1011137 2
1011139 16
1011155 8
1011163 4
1011167 16
1011183 8
1011191 16
1011207 8
1011215 2
1011217 4
1011221 8
1011229 4
1011233 4
1011237 2
1011239 32
1011271 4
1011275 2
1011277 4
1011281 8
1011289 32
1011321 8
1011329 2
1011331 8
1011339 4
1011343 4
1011347 2
1011349 8
1011357 2
1011359 8
1011367 4
1011371 4
1011375 2
1011377 8
1011385 4
1011389 2
1011391 4
1011395 2
1011397 8
1011405 2
1011407 16
1011423 8
1011431 8
1011439 4
1011443 64
1011507 2
1011509 16
1011525 8
1011533 4
1011537 2
1011539 8
1011547 4
1011551 2
1011553 4
1011557 2
1011559 16
1011575 8
1011583 4
1011587 2
1011589 8
1011597 2
1011599 2
1011601 16
1011617 8
1011625 4
1011629 2
1011631 8
1011639 2
1011641 8
1011649 16
1011665 2
1011667 4
1011671 4
1011675 2
1011677 16
1011693 4
1011697 16
1011713 4
1011717 2
1011719 8
1011727 4
1011731 2
1011733 4
1011737 8
1011745 4
1011749 8
1011757 4
1011761 2
1011763 16
1011779 16
1011795 2
1011797 2
1011799 16
1011815 2
1011817 8
1011825 2
1011827 32
1011859 16
1011875 8
1011883 4
1011887 2
1011889 4
1011893 16
1011909 8
1011917 16
1011933 4
1011937 4
1011941 2
1011943 4
1011947 8
1011955 4
1011959 2
1011961 8
1011969 4
1011973 4
1011977 2
1011979 16
1011995 8
1012003 4
1012007 2
1012009 16
1012025 4
1012029 2
1012031 8
1012039 4
1012043 4
1012047 2
1012049 16
1012065 8
1012073 4
1012077 2
1012079 8
1012087 4
1012091 2
1012093 4
1012097 4
1012101 2
1012103 16
1012119 8
1012127 4
1012131 2
1012133 8
1012141 4
1012145 2
1012147 8
1012155 4
1012159 8
1012167 4
1012171 8
1012179 4
1012183 4
1012187 2
1012189 8
1012197 4
1012201 8
1012209 4
1012213 4
1012217 8
1012225 4
1012229 8
1012237 4
1012241 16
1012257 2
1012259 2
1012261 4
1012265 2
1012267 8
1012275 4
1012279 8
1012287 2
1012289 16
1012305 2
1012307 8
1012315 4
1012319 2
1012321 32
1012353 16
1012369 4
1012373 4
1012377 2
1012379 16
1012395 2
1012397 2
1012399 8
1012407 4
1012411 8
1012419 2
1012421 2
1012423 8
1012431 2
1012433 4
1012437 2
1012439 8
1012447 8
1012455 2
1012457 4
1012461 2
1012463 16
1012479 2
1012481 8
1012489 16
1012505 2
1012507 4
1012511 2
1012513 4
1012517 2
1012519 4
1012523 16
1012539 8
1012547 2
1012549 8
1012557 2
1012559 8
1012567 4
1012571 2
1012573 16
1012589 2
1012591 4
1012595 2
1012597 4
1012601 16
1012617 2
1012619 8
1012627 4
1012631 2
1012633 4
1012637 16
1012653 4
1012657 4
1012661 2
1012663 16
1012679 8
1012687 4
1012691 8
1012699 4
1012703 8
1012711 4
1012715 2
1012717 4
1012721 8
1012729 4
1012733 16
1012749 2
1012751 8
1012759 4
1012763 4
1012767 2
1012769 2
1012771 16
1012787 2
1012789 16
1012805 4
1012809 2
1012811 16
1012827 2
1012829 2
1012831 16
1012847 8
1012855 4
1012859 2
1012861 32
1012893 8
1012901 2
1012903 16
1012919 8
1012927 4
1012931 32
1012963 4
1012967 8
1012975 4
1012979 2
1012981 8
1012989 4
1012993 4
1012997 4
1013001 2
1013003 4
1013007 2
1013009 16
1013025 4
1013029 8
1013037 4
1013041 8
1013049 4
1013053 8
1013061 2
1013063 64
1013127 16
1013143 8
1013151 2
1013153 32
1013185 8
1013193 4
1013197 4
1013201 2
1013203 16
1013219 8
1013227 8
1013235 2
1013237 2
1013239 8
1013247 2
1013249 8
1013257 4
1013261 2
1013263 4
1013267 8
1013275 4
1013279 8
1013287 4
1013291 16
1013307 8
1013315 4
1013319 2
1013321 8
1013329 32
1013361 16
1013377 16
1013393 4
1013397 2
1013399 2
1013401 16
1013417 8
1013425 4
1013429 2
1013431 32
1013463 8
1013471 4
1013475 2
1013477 16
1013493 8
