89
1 1
2 1
3 1
4 1
5 3
8 1
9 5
14 2
16 1
17 14
31 1
32 1
33 31
64 1
65 33
98 17
115 9
124 4
128 1
129 124
253 3
256 1
257 253
510 2
512 1
513 510
1023 1
1024 1
1025 1023
2048 1
2049 1025
3074 513
3587 257
3844 129
3973 115
4088 8
4096 1
4097 4088
8185 5
8190 2
8192 1
8193 8190
16383 1
16384 1
16385 16383
32768 1
32769 16385
49154 8193
57347 8185
65532 4
65536 1
65537 65532
131069 3
131072 1
131073 131069
262142 2
262144 1
262145 262142
524287 1
524288 1
524289 524287
1048576 1
1048577 524289
1572866 262145
1835011 131073
1966084 65537
2031621 57347
2088968 4097
2093065 3973
2097038 98
2097136 16
2097152 1
2097153 2097136
4194289 14
4194303 1
4194304 1
4194305 4194303
8388608 1
8388609 4194305
12582914 4194289
16777203 9
16777212 4
16777216 1
16777217 16777212
33554429 3
33554432 1
33554433 33554429
67108862 2
67108864 1
