4296
1 1
2 2
4 4
8 8
16 16
32 32
64 64
128 128
256 256
512 512
1024 1024
2048 2048
4096 4096
8192 8192
16384 16384
32768 32768
65536 65536
131072 16384
147456 8192
155648 256
155904 128
156032 32
156064 16
156080 4
156084 2
156086 1
156087 2048
158135 1024
159159 512
159671 64
159735 32
159767 8
159775 159775
319550 159775
479325 65536
544861 32768
577629 8192
585821 4096
589917 2048
591965 1024
592989 512
593501 256
593757 4
593761 2
593763 159775
753538 65536
819074 32768
851842 8192
860034 512
860546 256
860802 32
860834 16
860850 8
860858 2
860860 1
860861 32768
893629 8192
901821 512
902333 128
902461 64
902525 16
902541 4
902545 2
902547 1
902548 593763
1496311 16384
1512695 8192
1520887 1024
1521911 512
1522423 256
1522679 128
1522807 64
1522871 32
1522903 8
1522911 2
1522913 159775
1682688 32768
1715456 4096
1719552 1024
1720576 256
1720832 64
1720896 2
1720898 65536
1786434 32768
1819202 16384
1835586 1024
1836610 512
1837122 64
1837186 16
1837202 8
1837210 4
1837214 2
1837216 8192
1845408 4096
1849504 2048
1851552 256
1851808 128
1851936 32
1851968 4
1851972 2
1851974 479325
2331299 16384
2347683 8192
2355875 4096
2359971 2048
2362019 256
2362275 64
2362339 4
2362343 159775
2522118 158135
2680253 512
2680765 256
2681021 128
2681149 16
2681165 4
2681169 32768
2713937 8192
2722129 4096
2726225 2048
2728273 1024
2729297 512
2729809 128
2729937 4
2729941 319550
3049491 32768
3082259 8192
3090451 1024
3091475 256
3091731 128
3091859 64
3091923 32
3091955 4
3091959 2
3091961 65536
3157497 32768
3190265 4096
3194361 2048
3196409 512
3196921 256
3197177 32
3197209 8
3197217 4
3197221 16384
3213605 1024
3214629 256
3214885 128
3215013 64
3215077 16
3215093 159775
3374868 131072
3505940 8192
3514132 4096
3518228 512
3518740 32
3518772 16
3518788 8
3518796 4
3518800 2
3518802 1
3518803 65536
3584339 32768
3617107 16384
3633491 4096
3637587 2048
3639635 1024
3640659 256
3640915 32
3640947 8
3640955 4
3640959 2
3640961 1
3640962 159775
3800737 16384
3817121 8192
3825313 2048
3827361 8
3827369 4
3827373 2
3827375 1
3827376 159775
3987151 131072
4118223 128
4118351 32
4118383 16
4118399 8
4118407 4
4118411 2
4118413 593763
4712176 32768
4744944 4096
4749040 2048
4751088 1024
4752112 256
4752368 4
4752372 1
4752373 159775
4912148 131072
5043220 8192
5051412 4096
5055508 1024
5056532 512
5057044 256
5057300 64
5057364 16
5057380 8
5057388 4
5057392 2
5057394 1
5057395 319550
5376945 131072
5508017 2048
5510065 512
5510577 256
5510833 128
5510961 32
5510993 16
5511009 4
5511013 1
5511014 32768
5543782 8192
5551974 4096
5556070 2048
5558118 1024
5559142 256
5559398 128
5559526 32
5559558 16
5559574 2
5559576 32768
5592344 16384
5608728 8192
5616920 4096
5621016 1024
5622040 256
5622296 128
5622424 64
5622488 32
5622520 8
5622528 2
5622530 159775
5782305 16384
5798689 8192
5806881 1024
5807905 512
5808417 256
5808673 128
5808801 64
5808865 16
5808881 8
5808889 4
5808893 1
5808894 32768
5841662 4096
5845758 2048
5847806 1024
5848830 512
5849342 131072
5980414 8192
5988606 2048
5990654 1024
5991678 512
5992190 256
5992446 128
5992574 64
5992638 16
5992654 4
5992658 2
5992660 1
5992661 159775
6152436 65536
6217972 4096
6222068 256
6222324 128
6222452 4
6222456 479325
6701781 32768
6734549 8192
6742741 4096
6746837 1024
6747861 512
6748373 64
6748437 32
6748469 16
6748485 2
6748487 65536
6814023 32768
6846791 16384
6863175 4096
6867271 16
6867287 4
6867291 159775
7027066 32768
7059834 16384
7076218 1024
7077242 512
7077754 256
7078010 128
7078138 64
7078202 32
7078234 8
7078242 2
7078244 32768
7111012 16384
7127396 8192
7135588 4096
7139684 1024
7140708 512
7141220 256
7141476 16
7141492 65536
7207028 16384
7223412 2048
7225460 256
7225716 32
7225748 16
7225764 4
7225768 1
7225769 65536
7291305 32768
7324073 16384
7340457 4096
7344553 1024
7345577 64
7345641 32
7345673 319550
7665223 32768
7697991 16384
7714375 8192
7722567 4096
7726663 512
7727175 256
7727431 64
7727495 32
7727527 16
7727543 4
7727547 2
7727549 8192
7735741 4096
7739837 256
7740093 32
7740125 16
7740141 8
7740149 4
7740153 2
7740155 65536
7805691 8192
7813883 4096
7817979 1024
7819003 256
7819259 128
7819387 64
7819451 32
7819483 16
7819499 8
7819507 2
7819509 159775
7979284 16384
7995668 4096
7999764 2048
8001812 1024
8002836 32
8002868 4
8002872 2
8002874 159775
8162649 65536
8228185 32768
8260953 4096
8265049 2048
8267097 64
8267161 32
8267193 16
8267209 4
8267213 2
8267215 1
8267216 753538
9020754 16384
9037138 64
9037202 32
9037234 16
9037250 4
9037254 1
9037255 2048
9039303 1024
9040327 64
9040391 4
9040395 2
9040397 65536
9105933 8192
9114125 4096
9118221 2048
9120269 1024
9121293 16
9121309 8
9121317 4
9121321 1
9121322 8192
9129514 4096
9133610 256
9133866 64
9133930 8
9133938 4
9133942 2
9133944 4096
9138040 2048
9140088 1024
9141112 256
9141368 128
9141496 8
9141504 4
9141508 1
9141509 65536
9207045 4096
9211141 1024
9212165 512
9212677 16
9212693 4
9212697 2
9212699 159775
9372474 4096
9376570 2048
9378618 512
9379130 32
9379162 16
9379178 8
9379186 2
9379188 1
9379189 159775
9538964 147456
9686420 1024
9687444 128
9687572 64
9687636 32
9687668 4
9687672 1
9687673 131072
9818745 8192
9826937 256
9827193 128
9827321 64
9827385 4
9827389 1
9827390 902548
10729938 159775
10889713 32768
10922481 8192
10930673 4096
10934769 2048
10936817 512
10937329 4
10937333 2
10937335 1
10937336 319550
11256886 65536
11322422 32768
11355190 2048
11357238 1024
11358262 512
11358774 128
11358902 64
11358966 32
11358998 16
11359014 4
11359018 479325
11838343 8192
11846535 4096
11850631 256
11850887 4
11850891 2
11850893 32768
11883661 1024
11884685 128
11884813 64
11884877 32
11884909 16
11884925 8
11884933 4
11884937 65536
11950473 8192
11958665 4096
11962761 2048
11964809 1024
11965833 256
11966089 128
11966217 64
11966281 16
11966297 8
11966305 1
11966306 8192
11974498 4096
11978594 2048
11980642 256
11980898 32
11980930 16
11980946 2
11980948 65536
12046484 16384
12062868 2048
12064916 1024
12065940 256
12066196 64
12066260 32
12066292 8
12066300 319550
12385850 147456
12533306 1024
12534330 512
12534842 256
12535098 128
12535226 64
12535290 32
12535322 8
12535330 4
12535334 1
12535335 155648
12690983 64
12691047 32
12691079 2
12691081 1
12691082 16384
12707466 4096
12711562 1024
12712586 512
12713098 256
12713354 128
12713482 32
12713514 8
12713522 2
12713524 159775
12873299 32768
12906067 128
12906195 64
12906259 32
12906291 16
12906307 2
12906309 1
12906310 159775
13066085 147456
13213541 128
13213669 32
13213701 8
13213709 4
13213713 1
13213714 159775
13373489 32768
13406257 4096
13410353 512
13410865 256
13411121 128
13411249 64
13411313 32
13411345 16
13411361 2
13411363 1
13411364 479325
13890689 2048
13892737 512
13893249 128
13893377 16
13893393 4
13893397 1
13893398 159775
14053173 32768
14085941 8192
14094133 1024
14095157 32
14095189 16
14095205 8
14095213 4
14095217 2
14095219 319550
14414769 8192
14422961 4096
14427057 2048
14429105 256
14429361 16
14429377 4
14429381 2
14429383 159775
14589158 4096
14593254 1024
14594278 512
14594790 256
14595046 128
14595174 64
14595238 2
14595240 65536
14660776 16384
14677160 4096
14681256 2048
14683304 512
14683816 64
14683880 32
14683912 1
14683913 319550
15003463 8192
15011655 4096
15015751 512
15016263 64
15016327 16
15016343 8
15016351 4
15016355 1
15016356 32768
15049124 8192
15057316 4096
15061412 512
15061924 64
15061988 16
15062004 8
15062012 159775
15221787 32768
15254555 8192
15262747 4096
15266843 2048
15268891 1024
15269915 512
15270427 256
15270683 64
15270747 32
15270779 16
15270795 8
15270803 2
15270805 319550
15590355 32768
15623123 16384
15639507 512
15640019 16
15640035 2
15640037 32768
15672805 16384
15689189 8192
15697381 512
15697893 128
15698021 32
15698053 8
15698061 2
15698063 1
15698064 159775
15857839 65536
15923375 32768
15956143 8192
15964335 4096
15968431 1024
15969455 512
15969967 256
15970223 64
15970287 32
15970319 65536
16035855 32768
16068623 8192
16076815 4096
16080911 2048
16082959 1024
16083983 512
16084495 256
16084751 16
16084767 4
16084771 65536
16150307 16384
16166691 8192
16174883 2048
16176931 512
16177443 32
16177475 16
16177491 8
16177499 1
16177500 159775
16337275 32768
16370043 4096
16374139 1024
16375163 64
16375227 8
16375235 1
16375236 4096
16379332 2048
16381380 256
16381636 128
16381764 32
16381796 16
16381812 8
16381820 4
16381824 2
16381826 65536
16447362 16384
16463746 8192
16471938 4096
16476034 2048
16478082 1024
16479106 512
16479618 128
16479746 64
16479810 32
16479842 16
16479858 4
16479862 1
16479863 8192
16488055 4096
16492151 512
16492663 64
16492727 32
16492759 4
16492763 2
16492765 1
16492766 131072
16623838 4096
16627934 2048
16629982 512
16630494 256
16630750 128
16630878 64
16630942 16
16630958 4
16630962 2
16630964 4096
16635060 256
16635316 128
16635444 32
16635476 16
16635492 4
16635496 1
16635497 591965
17227462 256
17227718 64
17227782 32
17227814 4
17227818 2
17227820 65536
17293356 4096
17297452 1024
17298476 512
17298988 128
17299116 16
17299132 4
17299136 2
17299138 159775
17458913 8192
17467105 512
17467617 256
17467873 128
17468001 32
17468033 8
17468041 4
17468045 1
17468046 159775
17627821 32768
17660589 16384
17676973 8192
17685165 4096
17689261 512
17689773 128
17689901 64
17689965 32
17689997 16
17690013 159775
17849788 65536
17915324 32768
17948092 16384
17964476 4096
17968572 2048
17970620 1024
17971644 256
17971900 128
17972028 32
17972060 4
17972064 2
17972066 159775
18131841 65536
18197377 2048
18199425 512
18199937 128
18200065 64
18200129 16
18200145 4
18200149 2
18200151 32768
18232919 16384
18249303 256
18249559 8
18249567 1
18249568 479325
18728893 32768
18761661 256
18761917 32
18761949 16
18761965 8
18761973 1
18761974 8192
18770166 1024
18771190 256
18771446 16
18771462 8
18771470 2
18771472 593763
19365235 4096
19369331 1024
19370355 512
19370867 64
19370931 32
19370963 4
19370967 65536
19436503 32768
19469271 8192
19477463 2048
19479511 128
19479639 64
19479703 32
19479735 16
19479751 4
19479755 1
19479756 65536
19545292 32768
19578060 4096
19582156 8
19582164 4
19582168 2
19582170 1
19582171 65536
19647707 32768
19680475 16384
19696859 2048
19698907 1024
19699931 512
19700443 256
19700699 128
19700827 4
19700831 32768
19733599 16384
19749983 1024
19751007 256
19751263 128
19751391 64
19751455 65536
19816991 32768
19849759 8192
19857951 4096
19862047 1024
19863071 512
19863583 128
19863711 32
19863743 16
19863759 8
19863767 1
19863768 131072
19994840 8192
20003032 256
20003288 128
20003416 64
20003480 32
20003512 16
20003528 2
20003530 159775
20163305 32768
20196073 16384
20212457 8192
20220649 1024
20221673 256
20221929 64
20221993 16
20222009 8
20222017 65536
20287553 2048
20289601 512
20290113 128
20290241 8
20290249 4
20290253 2
20290255 1
20290256 32768
20323024 16384
20339408 8192
20347600 512
20348112 256
20348368 128
20348496 64
20348560 8
20348568 2
20348570 1
20348571 544861
20893432 16384
20909816 2048
20911864 1024
20912888 512
20913400 8
20913408 4
20913412 2
20913414 1
20913415 147456
21060871 4096
21064967 1024
21065991 512
21066503 128
21066631 64
21066695 16
21066711 8
21066719 2
21066721 1
21066722 32768
21099490 8192
21107682 2048
21109730 1024
21110754 512
21111266 128
21111394 32
21111426 8
21111434 2
21111436 1
21111437 159775
21271212 32768
21303980 16384
21320364 1024
21321388 256
21321644 128
21321772 32
21321804 8
21321812 4
21321816 2
21321818 65536
21387354 2048
21389402 512
21389914 256
21390170 8
21390178 2
21390180 1
21390181 159775
21549956 4096
21554052 1024
21555076 256
21555332 128
21555460 4
21555464 1
21555465 65536
21621001 16384
21637385 2048
21639433 128
21639561 16
21639577 4
21639581 32768
21672349 16384
21688733 8192
21696925 4096
21701021 1024
21702045 512
21702557 256
21702813 8
21702821 2
21702823 1
21702824 593763
22296587 4096
22300683 512
22301195 128
22301323 64
22301387 32
22301419 16
22301435 8
22301443 1
22301444 319550
22620994 16384
22637378 8192
22645570 2048
22647618 256
22647874 64
22647938 16
22647954 8
22647962 2
22647964 8192
22656156 4096
22660252 1024
22661276 32
22661308 16
22661324 8
22661332 4
22661336 479325
23140661 8192
23148853 2048
23150901 256
23151157 16
23151173 8
23151181 4
23151185 1
23151186 131072
23282258 512
23282770 64
23282834 32
23282866 4
23282870 2
23282872 902548
24185420 65536
24250956 32768
24283724 8192
24291916 4096
24296012 256
24296268 8
24296276 4
24296280 32768
24329048 16384
24345432 8192
24353624 4096
24357720 2048
24359768 512
24360280 128
24360408 64
24360472 32
24360504 16
24360520 8
24360528 65536
24426064 32768
24458832 2048
24460880 256
24461136 128
24461264 32
24461296 16
24461312 4
24461316 2
24461318 1
24461319 753538
25214857 16384
25231241 8192
25239433 1024
25240457 512
25240969 128
25241097 32
25241129 4
25241133 319550
25560683 32768
25593451 4096
25597547 128
25597675 32
25597707 16
25597723 8
25597731 4
25597735 147456
25745191 2048
25747239 256
25747495 128
25747623 32768
25780391 16384
25796775 4096
25800871 2048
25802919 512
25803431 128
25803559 64
25803623 8
25803631 2
25803633 8192
25811825 2048
25813873 512
25814385 16
25814401 2
25814403 512
25814915 256
25815171 128
25815299 32
25815331 16
25815347 1
25815348 155904
25971252 8
25971260 2
25971262 159775
26131037 131072
26262109 1024
26263133 256
26263389 4
26263393 16384
26279777 4096
26283873 1024
26284897 128
26285025 2
26285027 1
26285028 319550
26604578 65536
26670114 8192
26678306 2048
26680354 512
26680866 256
26681122 32
26681154 16
26681170 4
26681174 902548
27583722 156087
27739809 1024
27740833 256
27741089 64
27741153 2
27741155 1
27741156 147456
27888612 4096
27892708 512
27893220 256
27893476 128
27893604 65536
27959140 16384
27975524 512
27976036 256
27976292 32
27976324 8
27976332 1
27976333 65536
28041869 16384
28058253 8192
28066445 4096
28070541 2048
28072589 512
28073101 256
28073357 128
28073485 8
28073493 1
28073494 32768
28106262 16384
28122646 8192
28130838 4096
28134934 512
28135446 256
28135702 128
28135830 64
28135894 16
28135910 2
28135912 65536
28201448 32768
28234216 4096
28238312 2048
28240360 1024
28241384 64
28241448 16
28241464 4
28241468 65536
28307004 32768
28339772 512
28340284 256
28340540 8
28340548 2
28340550 479325
28819875 32768
28852643 8192
28860835 4096
28864931 2048
28866979 512
28867491 256
28867747 64
28867811 16
28867827 1
28867828 131072
28998900 256
28999156 8
28999164 4
28999168 2
28999170 1
28999171 65536
29064707 32768
29097475 16384
29113859 2048
29115907 32
29115939 16
29115955 8
29115963 1
29115964 131072
29247036 1024
29248060 256
29248316 64
29248380 32
29248412 16
29248428 1
29248429 319550
29567979 16384
29584363 8192
29592555 4096
29596651 2048
29598699 512
29599211 128
29599339 64
29599403 32
29599435 2
29599437 1
29599438 159775
29759213 16384
29775597 4096
29779693 128
29779821 32
29779853 4
29779857 159775
29939632 4096
29943728 256
29943984 32
29944016 16
29944032 8
29944040 4
29944044 2
29944046 159775
30103821 65536
30169357 8192
30177549 2048
30179597 1024
30180621 256
30180877 64
30180941 8
30180949 1
30180950 16384
30197334 2048
30199382 1024
30200406 512
30200918 256
30201174 64
30201238 32
30201270 16
30201286 8
30201294 2
30201296 319550
30520846 8192
30529038 4096
30533134 512
30533646 64
30533710 1
30533711 8192
30541903 4096
30545999 2048
30548047 256
30548303 128
30548431 32
30548463 8
30548471 2
30548473 1
30548474 65536
30614010 16384
30630394 512
30630906 256
30631162 8
30631170 4
30631174 2
30631176 1
30631177 32768
30663945 16384
30680329 8192
30688521 4096
30692617 2048
30694665 128
30694793 32
30694825 16
30694841 2
30694843 32768
30727611 16384
30743995 8192
30752187 2048
30754235 128
30754363 64
30754427 32
30754459 16
30754475 8
30754483 4
30754487 2
30754489 16384
30770873 2048
30772921 512
30773433 256
30773689 16
30773705 4
30773709 2
30773711 1
30773712 65536
30839248 32768
30872016 8192
30880208 2048
30882256 1024
30883280 512
30883792 128
30883920 16
30883936 4
30883940 1
30883941 65536
30949477 16384
30965861 4096
30969957 2048
30972005 1024
30973029 512
30973541 256
30973797 32
30973829 4
30973833 2
30973835 1
30973836 319550
31293386 2048
31295434 256
31295690 64
31295754 4
31295758 2
31295760 1
31295761 319550
31615311 65536
31680847 32768
31713615 16384
31729999 512
31730511 256
31730767 128
31730895 64
31730959 32
31730991 2
31730993 1
31730994 159775
31890769 8192
31898961 64
31899025 32
31899057 16
31899073 8
31899081 4
31899085 2
31899087 1
31899088 159775
32058863 65536
32124399 4096
32128495 2048
32130543 512
32131055 128
32131183 64
32131247 16
32131263 4
32131267 159775
32291042 4096
32295138 128
32295266 64
32295330 8
32295338 65536
32360874 4096
32364970 1024
32365994 512
32366506 64
32366570 32
32366602 16
32366618 8
32366626 4
32366630 131072
32497702 4096
32501798 512
32502310 2
32502312 1
32502313 159775
32662088 131072
32793160 8192
32801352 2048
32803400 512
32803912 128
32804040 32
32804072 8
32804080 4
32804084 32768
32836852 16384
32853236 8192
32861428 4096
32865524 512
32866036 32
32866068 8
32866076 4
32866080 2
32866082 159775
33025857 16384
33042241 4096
33046337 512
33046849 256
33047105 128
33047233 64
33047297 32
33047329 16
33047345 4
33047349 1
33047350 159775
33207125 65536
33272661 16384
33289045 2048
33291093 256
33291349 16
33291365 8
33291373 4
33291377 159775
33451152 16384
33467536 8192
33475728 2048
33477776 128
33477904 32
33477936 16
33477952 1
33477953 159775
33637728 65536
33703264 4096
33707360 1024
33708384 512
33708896 256
33709152 32
33709184 8
33709192 4
33709196 2
33709198 32768
33741966 2048
33744014 1024
33745038 128
33745166 32
33745198 1
33745199 159775
33904974 65536
33970510 16384
33986894 8192
33995086 1024
33996110 512
33996622 128
33996750 32
33996782 1
33996783 544861
34541644 16384
34558028 4096
34562124 1024
34563148 128
34563276 16
34563292 8
34563300 1
34563301 319550
34882851 16384
34899235 256
34899491 128
34899619 8
34899627 1
34899628 32768
34932396 16384
34948780 8192
34956972 1024
34957996 256
34958252 128
34958380 16
34958396 8
34958404 4
34958408 147456
35105864 2048
35107912 1024
35108936 512
35109448 256
35109704 128
35109832 32
35109864 16
35109880 2
35109882 131072
35240954 8192
35249146 2048
35251194 512
35251706 256
35251962 128
35252090 64
35252154 16
35252170 8
35252178 1
35252179 16384
35268563 256
35268819 128
35268947 64
35269011 16
35269027 2048
35271075 512
35271587 128
35271715 4
35271719 32768
35304487 1024
35305511 512
35306023 128
35306151 64
35306215 16
35306231 8
35306239 4
35306243 593763
35900006 65536
35965542 4096
35969638 2048
35971686 1024
35972710 256
35972966 128
35973094 4
35973098 2
35973100 1
35973101 147456
36120557 2048
36122605 128
36122733 4
36122737 2
36122739 1
36122740 8192
36130932 4096
36135028 128
36135156 64
36135220 32
36135252 16
36135268 8
36135276 1
36135277 159775
36295052 147456
36442508 256
36442764 64
36442828 32
36442860 1
36442861 16384
36459245 4096
36463341 2048
36465389 1024
36466413 512
36466925 64
36466989 16
36467005 2
36467007 1
36467008 159775
36626783 32768
36659551 8192
36667743 2048
36669791 32
36669823 32768
36702591 8192
36710783 1024
36711807 512
36712319 128
36712447 64
36712511 16
36712527 159775
36872302 8192
36880494 4096
36884590 2048
36886638 256
36886894 128
36887022 64
36887086 2
36887088 65536
36952624 32768
36985392 16384
37001776 4096
37005872 2048
37007920 1024
37008944 512
37009456 32
37009488 8
37009496 4
37009500 2
37009502 1
37009503 319550
37329053 32768
37361821 16384
37378205 2048
37380253 1024
37381277 32
37381309 8
37381317 4
37381321 2
37381323 1
37381324 131072
37512396 2048
37514444 256
37514700 32
37514732 2
37514734 32768
37547502 16384
37563886 8192
37572078 4096
37576174 1024
37577198 16
37577214 2
37577216 1
37577217 159775
37736992 65536
37802528 16384
37818912 8192
37827104 1024
37828128 512
37828640 32
37828672 4
37828676 2
37828678 479325
38308003 8192
38316195 512
38316707 32
38316739 16
38316755 8
38316763 4
38316767 2
38316769 1
38316770 65536
38382306 32768
38415074 8192
38423266 4096
38427362 512
38427874 256
38428130 128
38428258 32
38428290 16
38428306 4
38428310 1
38428311 159775
38588086 65536
38653622 2048
38655670 1024
38656694 512
38657206 16
38657222 8
38657230 1
38657231 159775
38817006 65536
38882542 16384
38898926 8192
38907118 4096
38911214 2048
38913262 256
38913518 32
38913550 16
38913566 4
38913570 8192
38921762 4096
38925858 2048
38927906 128
38928034 64
38928098 16
38928114 4
38928118 2
38928120 32768
38960888 16384
38977272 4096
38981368 2048
38983416 512
38983928 128
38984056 16
38984072 2
38984074 32768
39016842 4096
39020938 512
39021450 256
39021706 128
39021834 64
39021898 16
39021914 2
39021916 1
39021917 32768
39054685 16384
39071069 2048
39073117 256
39073373 128
39073501 16
39073517 8
39073525 4
39073529 65536
39139065 8192
39147257 4096
39151353 2048
39153401 1024
39154425 512
39154937 4
39154941 159775
39314716 65536
39380252 32768
39413020 16384
39429404 8192
39437596 128
39437724 64
39437788 16
39437804 8
39437812 1
39437813 2048
39439861 1024
39440885 512
39441397 256
39441653 32
39441685 16
39441701 2
39441703 32768
39474471 4096
39478567 1024
39479591 512
39480103 256
39480359 32
39480391 16
39480407 4
39480411 65536
39545947 32768
39578715 1024
39579739 128
39579867 64
39579931 32
39579963 16
39579979 4
39579983 819074
40399057 16384
40415441 4096
40419537 2048
40421585 1024
40422609 512
40423121 256
40423377 128
40423505 64
40423569 32
40423601 8
40423609 65536
40489145 8192
40497337 4096
40501433 2048
40503481 128
40503609 32
40503641 8
40503649 4
40503653 1
40503654 159775
40663429 256
40663685 16
40663701 4
40663705 32768
40696473 8192
40704665 2048
40706713 256
40706969 64
40707033 32
40707065 159775
40866840 8192
40875032 4096
40879128 1024
40880152 512
40880664 256
40880920 128
40881048 8
40881056 2
40881058 819074
41700132 4096
41704228 2048
41706276 256
41706532 16
41706548 8
41706556 4
41706560 159775
41866335 16384
41882719 2048
41884767 1024
41885791 256
41886047 128
41886175 64
41886239 32
41886271 8
41886279 4
41886283 2
41886285 593763
42480048 4096
42484144 2048
42486192 1024
42487216 128
42487344 32
42487376 4
42487380 8192
42495572 4096
42499668 2048
42501716 512
42502228 64
42502292 4
42502296 1
42502297 65536
42567833 16384
42584217 8192
42592409 1024
42593433 512
42593945 256
42594201 128
42594329 64
42594393 32
42594425 16
42594441 8
42594449 2
42594451 65536
42659987 8192
42668179 4096
42672275 128
42672403 32
42672435 16
42672451 8
42672459 4
42672463 159775
42832238 32768
42865006 8192
42873198 2048
42875246 256
42875502 128
42875630 64
42875694 32
42875726 1
42875727 159775
43035502 65536
43101038 1024
43102062 512
43102574 64
43102638 8
43102646 4
43102650 2
43102652 159775
43262427 65536
43327963 32768
43360731 8192
43368923 4096
43373019 1024
43374043 512
43374555 256
43374811 32
43374843 16
43374859 8
43374867 4
43374871 2
43374873 319550
43694423 8192
43702615 4096
43706711 1024
43707735 512
43708247 256
43708503 128
43708631 32
43708663 16
43708679 4
43708683 2
43708685 1
43708686 65536
43774222 16384
43790606 8192
43798798 4096
43802894 1024
43803918 256
43804174 64
43804238 32
43804270 16
43804286 8
43804294 159775
43964069 65536
44029605 8192
44037797 1024
44038821 512
44039333 256
44039589 64
44039653 32
44039685 8
44039693 4
44039697 2
44039699 65536
44105235 16384
44121619 256
44121875 128
44122003 4
44122007 1
44122008 319550
44441558 32768
44474326 8192
44482518 2048
44484566 512
44485078 256
44485334 64
44485398 4
44485402 2
44485404 159775
44645179 65536
44710715 32768
44743483 4096
44747579 64
44747643 16
44747659 4
44747663 1
44747664 159775
44907439 32768
44940207 16384
44956591 8192
44964783 4096
44968879 1024
44969903 64
44969967 32
44969999 16
44970015 1
44970016 16384
44986400 2048
44988448 512
44988960 256
44989216 32
44989248 16
44989264 8
44989272 4
44989276 2
44989278 16384
45005662 128
45005790 2
45005792 32768
45038560 16384
45054944 1024
45055968 512
45056480 256
45056736 128
45056864 64
45056928 32
45056960 16
45056976 159775
45216751 32768
45249519 8192
45257711 4096
45261807 2048
45263855 512
45264367 16
45264383 4
45264387 32768
45297155 16384
45313539 4096
45317635 128
45317763 32
45317795 16
45317811 8
45317819 2
45317821 1
45317822 32768
45350590 2048
45352638 1024
45353662 64
45353726 32
45353758 16
45353774 8
45353782 4
45353786 2
45353788 8192
45361980 4096
45366076 1024
45367100 512
45367612 256
45367868 128
45367996 32
45368028 4
45368032 2
45368034 1
45368035 32768
45400803 16384
45417187 4096
45421283 2048
45423331 1024
45424355 64
45424419 32
45424451 8
45424459 2
45424461 147456
45571917 4096
45576013 1024
45577037 512
45577549 256
45577805 128
45577933 4
45577937 1
45577938 159775
45737713 32768
45770481 16384
45786865 8192
45795057 2048
45797105 1024
45798129 512
45798641 256
45798897 128
45799025 64
45799089 4
45799093 2
45799095 1
45799096 544861
46343957 16384
46360341 8192
46368533 2048
46370581 1024
46371605 512
46372117 128
46372245 32
46372277 16
46372293 4
46372297 2
46372299 159775
46532074 32768
46564842 16384
46581226 4096
46585322 2048
46587370 256
46587626 128
46587754 32
46587786 8
46587794 65536
46653330 32768
46686098 8192
46694290 2048
46696338 512
46696850 4
46696854 1
46696855 319550
47016405 65536
47081941 2048
47083989 512
47084501 128
47084629 64
47084693 16
47084709 1
47084710 147456
47232166 4096
47236262 2048
47238310 1024
47239334 256
47239590 32
47239622 16
47239638 4
47239642 2
47239644 1
47239645 319550
47559195 32768
47591963 2048
47594011 128
47594139 16
47594155 8
47594163 159775
47753938 16384
47770322 1024
47771346 256
47771602 8
47771610 2
47771612 1
47771613 159775
47931388 8192
47939580 4096
47943676 2048
47945724 64
47945788 32
47945820 159775
48105595 8192
48113787 2048
48115835 1024
48116859 64
48116923 32
48116955 8
48116963 4
48116967 1
48116968 159775
48276743 65536
48342279 8192
48350471 4096
48354567 1024
48355591 512
48356103 256
48356359 64
48356423 32
48356455 16
48356471 1
48356472 319550
48676022 32768
48708790 4096
48712886 1024
48713910 256
48714166 128
48714294 64
48714358 32
48714390 2
48714392 479325
49193717 16384
49210101 8192
49218293 1024
49219317 128
49219445 64
49219509 16
49219525 4
49219529 1
49219530 32768
49252298 16384
49268682 2048
49270730 128
49270858 64
49270922 16
49270938 8
49270946 65536
49336482 32768
49369250 8192
49377442 1024
49378466 512
49378978 128
49379106 64
49379170 32
49379202 16
49379218 4
49379222 2
49379224 159775
49538999 65536
49604535 8192
49612727 4096
49616823 512
49617335 256
49617591 128
49617719 64
49617783 32
49617815 2
49617817 1
49617818 319550
49937368 1024
49938392 128
49938520 64
49938584 32
49938616 4
49938620 159775
50098395 147456
50245851 64
50245915 32
50245947 8
50245955 4
50245959 902548
51148507 159775
51308282 32768
51341050 16384
51357434 4096
51361530 2048
51363578 1024
51364602 128
51364730 64
51364794 8
51364802 593763
51958565 65536
52024101 16384
52040485 8192
52048677 4096
52052773 512
52053285 128
52053413 64
52053477 32
52053509 4
52053513 2
52053515 159775
52213290 16384
52229674 8192
52237866 256
52238122 16
52238138 8
52238146 4096
52242242 2048
52244290 1024
52245314 512
52245826 256
52246082 128
52246210 64
52246274 32
52246306 16
52246322 2
52246324 65536
52311860 32768
52344628 4096
52348724 1024
52349748 512
52350260 128
52350388 64
52350452 32
52350484 16
52350500 4
52350504 2
52350506 1
52350507 159775
52510282 65536
52575818 32768
52608586 16384
52624970 8192
52633162 256
52633418 128
52633546 32
52633578 4
52633582 1
52633583 8192
52641775 2048
52643823 1024
52644847 64
52644911 32
52644943 16
52644959 8
52644967 4
52644971 2
52644973 32768
52677741 1024
52678765 512
52679277 128
52679405 64
52679469 16
52679485 2
52679487 2048
52681535 1024
52682559 64
52682623 16
52682639 4
52682643 2
52682645 1
52682646 159775
52842421 32768
52875189 8192
52883381 256
52883637 64
52883701 32
52883733 16
52883749 8
52883757 4
52883761 2
52883763 860861
53744624 8192
53752816 1024
53753840 512
53754352 64
53754416 32
53754448 4
53754452 32768
53787220 16384
53803604 4096
53807700 256
53807956 128
53808084 64
53808148 16
53808164 8
53808172 4
53808176 65536
53873712 16384
53890096 512
53890608 128
53890736 32
53890768 8
53890776 4
53890780 319550
54210330 147456
54357786 4096
54361882 2048
54363930 256
54364186 128
54364314 64
54364378 32
54364410 16
54364426 8
54364434 4
54364438 1
54364439 159775
54524214 16384
54540598 8192
54548790 4096
54552886 2048
54554934 1024
54555958 128
54556086 32
54556118 16
54556134 8
54556142 4
54556146 2
54556148 32768
54588916 2048
54590964 128
54591092 32
54591124 8
54591132 4
54591136 159775
54750911 8192
54759103 256
54759359 32
54759391 16
54759407 8
54759415 2
54759417 479325
55238742 4096
55242838 2048
55244886 1024
55245910 64
55245974 8
55245982 4
55245986 2
55245988 16384
55262372 8192
55270564 4096
55274660 256
55274916 64
55274980 32
55275012 16
55275028 2
55275030 1
55275031 544861
55819892 4096
55823988 2048
55826036 512
55826548 128
55826676 32
55826708 16
55826724 8
55826732 4
55826736 2
55826738 8192
55834930 4096
55839026 2048
55841074 1024
55842098 512
55842610 256
55842866 64
55842930 32
55842962 16
55842978 8
55842986 2
55842988 319550
56162538 32768
56195306 8192
56203498 1024
56204522 32
56204554 8
56204562 4
56204566 2
56204568 159775
56364343 8192
56372535 4096
56376631 1024
56377655 512
56378167 256
56378423 64
56378487 32
56378519 4
56378523 159775
56538298 32768
56571066 8192
56579258 4096
56583354 2048
56585402 1024
56586426 256
56586682 64
56586746 4
56586750 2
56586752 32768
56619520 8192
56627712 2048
56629760 1024
56630784 512
56631296 32
56631328 2
56631330 65536
56696866 8192
56705058 1024
56706082 512
56706594 256
56706850 64
56706914 4
56706918 1
56706919 159775
56866694 131072
56997766 8192
57005958 4096
57010054 1024
57011078 512
57011590 128
57011718 64
57011782 4
57011786 2
57011788 1
57011789 319550
57331339 131072
57462411 2048
57464459 512
57464971 128
57465099 64
57465163 16
57465179 8
57465187 4
57465191 319550
57784741 65536
57850277 256
57850533 16
57850549 8
57850557 2
57850559 1
57850560 16384
57866944 8192
57875136 4096
57879232 2048
57881280 1024
57882304 128
57882432 8
57882440 2
57882442 593763
58476205 4096
58480301 2048
58482349 1024
58483373 256
58483629 64
58483693 16
58483709 8
58483717 159775
58643492 16384
58659876 8192
58668068 4096
58672164 2048
58674212 1024
58675236 256
58675492 64
58675556 2
58675558 1
58675559 8192
58683751 2048
58685799 1024
58686823 512
58687335 16
58687351 4
58687355 1
58687356 65536
58752892 32768
58785660 16384
58802044 1024
58803068 256
58803324 64
58803388 32
58803420 16
58803436 2
58803438 1
58803439 753538
59556977 4096
59561073 2048
59563121 1024
59564145 16
59564161 8
59564169 1
59564170 159775
59723945 65536
59789481 32768
59822249 8192
59830441 256
59830697 32
59830729 8
59830737 2
59830739 1
59830740 16384
59847124 8192
59855316 2048
59857364 128
59857492 32
59857524 8
59857532 4
59857536 147456
60004992 4096
60009088 2048
60011136 128
60011264 32
60011296 4
60011300 2
60011302 65536
60076838 16384
60093222 4096
60097318 2048
60099366 1024
60100390 16
60100406 8
60100414 1
60100415 32768
60133183 16384
60149567 8192
60157759 4096
60161855 1024
60162879 256
60163135 64
60163199 4
60163203 2
60163205 16384
60179589 4096
60183685 1024
60184709 512
60185221 64
60185285 32
60185317 16
60185333 8
60185341 159775
60345116 65536
60410652 32768
60443420 16384
60459804 8192
60467996 4096
60472092 2048
60474140 32
60474172 16
60474188 4
60474192 65536
60539728 1024
60540752 512
60541264 147456
60688720 2048
60690768 1024
60691792 512
60692304 64
60692368 16
60692384 4
60692388 2
60692390 1
60692391 159775
60852166 65536
60917702 16384
60934086 1024
60935110 128
60935238 8
60935246 4
60935250 2
60935252 1
60935253 65536
61000789 32768
61033557 8192
61041749 2048
61043797 512
61044309 256
61044565 2
61044567 1
61044568 159775
61204343 65536
61269879 32768
61302647 8192
61310839 4096
61314935 512
61315447 159775
61475222 65536
61540758 32768
61573526 16384
61589910 8192
61598102 4096
61602198 2048
61604246 1024
61605270 256
61605526 128
61605654 32
61605686 8
61605694 2
61605696 159775
61765471 8192
61773663 4096
61777759 1024
61778783 512
61779295 256
61779551 128
61779679 64
61779743 16
61779759 4
61779763 2
61779765 65536
61845301 32768
61878069 16384
61894453 4096
61898549 2048
61900597 512
61901109 147456
62048565 2048
62050613 1024
62051637 512
62052149 256
62052405 64
62052469 16
62052485 4
62052489 2
62052491 1
62052492 65536
62118028 16384
62134412 8192
62142604 2048
62144652 256
62144908 32
62144940 8
62144948 4
62144952 2
62144954 902548
63047502 159775
63207277 4096
63211373 1024
63212397 512
63212909 256
63213165 2
63213167 1
63213168 65536
63278704 16384
63295088 512
63295600 128
63295728 64
63295792 16
63295808 2
63295810 32768
63328578 8192
63336770 4096
63340866 512
63341378 256
63341634 64
63341698 32
63341730 8
63341738 2
63341740 4096
63345836 2048
63347884 1024
63348908 4
63348912 1
63348913 16384
63365297 2048
63367345 512
63367857 256
63368113 64
63368177 32
63368209 16
63368225 4
63368229 1
63368230 319550
63687780 131072
63818852 4096
63822948 2048
63824996 1024
63826020 256
63826276 128
63826404 32
63826436 8
63826444 2
63826446 159775
63986221 131072
64117293 2048
64119341 1024
64120365 256
64120621 128
64120749 8
64120757 4
64120761 1
64120762 131072
64251834 4096
64255930 128
64256058 64
64256122 32
64256154 16
64256170 1
64256171 593763
64849934 131072
64981006 8192
64989198 4096
64993294 2048
64995342 1024
64996366 512
64996878 256
64997134 32
64997166 8
64997174 4
64997178 2
64997180 1
64997181 65536
65062717 16384
65079101 2048
65081149 512
65081661 256
65081917 64
65081981 2
65081983 1
65081984 65536
65147520 32768
65180288 16384
65196672 8192
65204864 4096
65208960 2048
65211008 256
65211264 32
65211296 16
65211312 2
65211314 1
65211315 147456
65358771 4096
65362867 1024
65363891 256
65364147 128
65364275 32
65364307 16
65364323 8
65364331 4
65364335 32768
65397103 16384
65413487 8192
65421679 2048
65423727 128
65423855 64
65423919 4
65423923 1
65423924 319550
65743474 65536
65809010 8192
65817202 2048
65819250 512
65819762 32
65819794 65536
65885330 32768
65918098 16384
65934482 8192
65942674 4096
65946770 2048
65948818 1024
65949842 256
65950098 64
65950162 16
65950178 8
65950186 4
65950190 1
65950191 159775
66109966 65536
66175502 16384
66191886 4096
66195982 64
66196046 16
66196062 4
66196066 319550
66515616 65536
66581152 32768
66613920 4096
66618016 2048
66620064 1024
66621088 256
66621344 128
66621472 64
66621536 2
66621538 1
66621539 158135
66779674 512
66780186 256
66780442 64
66780506 32
66780538 16
66780554 8
66780562 2
66780564 1
66780565 159775
66940340 32768
66973108 16384
66989492 8192
66997684 4096
67001780 2048
67003828 1024
67004852 512
67005364 256
67005620 128
67005748 32
67005780 16
67005796 8
67005804 1024
67006828 256
67007084 16
67007100 4
67007104 1
67007105 16384
67023489 8192
67031681 4096
67035777 1024
67036801 512
67037313 32
67037345 8
67037353 2
67037355 1
67037356 131072
67168428 4096
67172524 128
67172652 32
67172684 8
67172692 4
67172696 1
67172697 32768
67205465 4096
67209561 1024
67210585 512
67211097 256
67211353 128
67211481 32
67211513 16
67211529 8
67211537 1
67211538 319550
67531088 32768
67563856 8192
67572048 4096
67576144 512
67576656 64
67576720 32
67576752 4
67576756 2
67576758 1
67576759 65536
67642295 8192
67650487 4096
67654583 1024
67655607 512
67656119 128
67656247 64
67656311 8
67656319 4
67656323 16384
67672707 1024
67673731 512
67674243 64
67674307 32
67674339 8
67674347 4
67674351 1
67674352 902548
68576900 32768
68609668 4096
68613764 2048
68615812 1024
68616836 512
68617348 256
68617604 128
68617732 32
68617764 2
68617766 319550
68937316 65536
69002852 16384
69019236 4096
69023332 1024
69024356 128
69024484 64
69024548 32
69024580 2
69024582 1
69024583 65536
69090119 8192
69098311 2048
69100359 512
69100871 256
69101127 128
69101255 16
69101271 2
69101273 65536
69166809 16384
69183193 8192
69191385 4096
69195481 2048
69197529 512
69198041 64
69198105 16
69198121 8
69198129 4
69198133 65536
69263669 16384
69280053 1024
69281077 512
69281589 64
69281653 32
69281685 8
69281693 4
69281697 159775
69441472 65536
69507008 32768
69539776 16384
69556160 256
69556416 32
69556448 8
69556456 1
69556457 32768
69589225 8192
69597417 2048
69599465 64
69599529 8
69599537 1
69599538 32768
69632306 16384
69648690 32
69648722 16
69648738 8
69648746 593763
70242509 65536
70308045 32768
70340813 16384
70357197 512
70357709 256
70357965 64
70358029 16
70358045 8
70358053 4
70358057 2
70358059 1
70358060 16384
70374444 8192
70382636 4096
70386732 2048
70388780 512
70389292 256
70389548 64
70389612 2
70389614 1
70389615 319550
70709165 32768
70741933 16384
70758317 2048
70760365 256
70760621 32
70760653 8
70760661 1
70760662 159775
70920437 65536
70985973 8192
70994165 4096
70998261 2048
71000309 1024
71001333 512
71001845 256
71002101 128
71002229 32
71002261 16
71002277 4
71002281 1
71002282 32768
71035050 16384
71051434 4096
71055530 1024
71056554 512
71057066 128
71057194 64
71057258 32
71057290 1
71057291 159775
71217066 16384
71233450 4096
71237546 1024
71238570 512
71239082 256
71239338 16
71239354 4
71239358 2
71239360 1
71239361 65536
71304897 16384
71321281 8192
71329473 4096
71333569 2048
71335617 1024
71336641 256
71336897 64
71336961 32
71336993 16
71337009 8
71337017 4
71337021 1
71337022 544861
71881883 4096
71885979 64
71886043 32
71886075 4
71886079 2
71886081 32768
71918849 16384
71935233 2048
71937281 1024
71938305 512
71938817 128
71938945 32
71938977 16
71938993 8
71939001 4
71939005 2
71939007 131072
72070079 1024
72071103 512
72071615 128
72071743 64
72071807 32
72071839 8
72071847 4
72071851 1
72071852 16384
72088236 8192
72096428 4096
72100524 32
72100556 16
72100572 8
72100580 4
72100584 2
72100586 1
72100587 65536
72166123 16384
72182507 2048
72184555 512
72185067 4
72185071 2
72185073 159775
72344848 32768
72377616 4096
72381712 512
72382224 128
72382352 8
72382360 4
72382364 2
72382366 8192
72390558 4096
72394654 1024
72395678 512
72396190 128
72396318 32
72396350 2
72396352 131072
72527424 2048
72529472 256
72529728 128
72529856 64
72529920 8
72529928 4
72529932 2
72529934 16384
72546318 8192
72554510 4096
72558606 1024
72559630 512
72560142 256
72560398 16
72560414 8
72560422 4
72560426 65536
72625962 32768
72658730 8192
72666922 2048
72668970 128
72669098 32
72669130 1
72669131 589917
73259048 1024
73260072 512
73260584 64
73260648 8
73260656 4
73260660 65536
73326196 32768
73358964 8192
73367156 4096
73371252 2048
73373300 1024
73374324 128
73374452 16
73374468 8
73374476 159775
73534251 65536
73599787 32768
73632555 16384
73648939 8192
73657131 2048
73659179 1024
73660203 128
73660331 64
73660395 32
73660427 8
73660435 4
73660439 2
73660441 159775
73820216 16384
73836600 4096
73840696 2048
73842744 512
73843256 128
73843384 64
73843448 32
73843480 4
73843484 1
73843485 159775
74003260 131072
74134332 8192
74142524 2048
74144572 1024
74145596 128
74145724 32
74145756 2
74145758 159775
74305533 16384
74321917 64
74321981 32768
74354749 8192
74362941 1024
74363965 8
74363973 4
74363977 1
74363978 159775
74523753 4096
74527849 2048
74529897 1024
74530921 64
74530985 8
74530993 4
74530997 32768
74563765 4096
74567861 2048
74569909 1024
74570933 512
74571445 256
74571701 128
74571829 2
74571831 16384
74588215 1024
74589239 64
74589303 16
74589319 4
74589323 2
74589325 1
74589326 16384
74605710 2048
74607758 1024
74608782 512
74609294 256
74609550 64
74609614 32
74609646 8
74609654 4
74609658 1
74609659 32768
74642427 2048
74644475 1024
74645499 128
74645627 64
74645691 32
74645723 2
74645725 1
74645726 147456
74793182 2048
74795230 64
74795294 16
74795310 2
74795312 1
74795313 65536
74860849 32768
74893617 16384
74910001 8192
74918193 1024
74919217 256
74919473 64
74919537 32
74919569 16
74919585 2
74919587 1
74919588 319550
75239138 159671
75398809 32
75398841 16
75398857 8
75398865 1
75398866 159775
75558641 32768
75591409 16384
75607793 8192
75615985 4096
75620081 2048
75622129 512
75622641 16
75622657 4
75622661 2
75622663 159775
75782438 147456
75929894 4096
75933990 2048
75936038 256
75936294 128
75936422 64
75936486 16
75936502 8
75936510 4
75936514 32768
75969282 16384
75985666 4096
75989762 2048
75991810 256
75992066 64
75992130 32
75992162 16
75992178 2
75992180 319550
76311730 16384
76328114 8192
76336306 2048
76338354 1024
76339378 64
76339442 16
76339458 4
76339462 65536
76404998 32768
76437766 2048
76439814 64
76439878 8
76439886 4
76439890 1
76439891 4096
76443987 512
76444499 32
76444531 16
76444547 8
76444555 4
76444559 1
76444560 593763
77038323 8192
77046515 4096
77050611 1024
77051635 64
77051699 32
77051731 16
77051747 4
77051751 2
77051753 16384
77068137 8192
77076329 4096
77080425 512
77080937 128
77081065 64
77081129 32
77081161 16
77081177 4
77081181 2
77081183 65536
77146719 8192
77154911 512
77155423 16
77155439 4
77155443 1
77155444 16384
77171828 2048
77173876 512
77174388 128
77174516 64
77174580 32
77174612 4
77174616 479325
77653941 4096
77658037 2048
77660085 128
77660213 32
77660245 8
77660253 1
77660254 159775
77820029 32768
77852797 16384
77869181 8192
77877373 2048
77879421 1024
77880445 512
77880957 128
77881085 64
77881149 16
77881165 8
77881173 147456
78028629 4096
78032725 2048
78034773 512
78035285 256
78035541 64
78035605 32
78035637 8
78035645 4
78035649 32768
78068417 16384
78084801 8192
78092993 4096
78097089 2048
78099137 1024
78100161 32
78100193 8
78100201 1
78100202 159775
78259977 147456
78407433 2048
78409481 256
78409737 128
78409865 64
78409929 16
78409945 2
78409947 65536
78475483 32768
78508251 16384
78524635 2048
78526683 1024
78527707 256
78527963 128
78528091 64
78528155 32
78528187 16
78528203 4
78528207 753538
79281745 8192
79289937 256
79290193 128
79290321 64
79290385 16
79290401 8
79290409 65536
79355945 4096
79360041 512
79360553 16
79360569 8
79360577 4
79360581 2
79360583 1
79360584 16384
79376968 4096
79381064 2048
79383112 1024
79384136 512
79384648 128
79384776 64
79384840 2
79384842 1
79384843 65536
79450379 32768
79483147 16384
79499531 8192
79507723 2048
79509771 1024
79510795 512
79511307 256
79511563 16
79511579 4
79511583 1
79511584 131072
79642656 2048
79644704 1024
79645728 512
79646240 128
79646368 64
79646432 16
79646448 8192
79654640 2048
79656688 256
79656944 64
79657008 32
79657040 8
79657048 4
79657052 1
79657053 65536
79722589 32768
79755357 16384
79771741 4096
79775837 2048
79777885 64
79777949 32
79777981 8
79777989 2
79777991 1
79777992 32768
79810760 16384
79827144 8192
79835336 4096
79839432 2048
79841480 512
79841992 256
79842248 64
79842312 16
79842328 1
79842329 159775
80002104 16384
80018488 8192
80026680 2048
80028728 1024
80029752 256
80030008 128
80030136 16
80030152 8
80030160 2
80030162 159775
80189937 16384
80206321 8192
80214513 1024
80215537 256
80215793 128
80215921 2
80215923 131072
80346995 8192
80355187 4096
80359283 1024
80360307 256
80360563 128
80360691 16
80360707 8
80360715 2
80360717 1
80360718 159775
80520493 131072
80651565 512
80652077 256
80652333 2
80652335 1
80652336 159775
80812111 32768
80844879 8192
80853071 4096
80857167 2048
80859215 512
80859727 256
80859983 64
80860047 32
80860079 4
80860083 65536
80925619 32768
80958387 16384
80974771 8192
80982963 2048
80985011 1024
80986035 512
80986547 256
80986803 128
80986931 32
80986963 4
80986967 2
80986969 159775
81146744 32768
81179512 16384
81195896 8192
81204088 2048
81206136 1024
81207160 256
81207416 128
81207544 32
81207576 8
81207584 4
81207588 32768
81240356 16384
81256740 1024
81257764 512
81258276 256
81258532 128
81258660 8
81258668 2
81258670 1
81258671 16384
81275055 1024
81276079 128
81276207 64
81276271 4
81276275 2
81276277 159775
81436052 65536
81501588 16384
81517972 4096
81522068 512
81522580 16
81522596 4
81522600 2
81522602 159775
81682377 65536
81747913 32768
81780681 16384
81797065 4096
81801161 2048
81803209 64
81803273 16
81803289 1
81803290 159775
81963065 65536
82028601 16384
82044985 8192
82053177 4096
82057273 256
82057529 16
82057545 159775
82217320 147456
82364776 4096
82368872 2048
82370920 1024
82371944 512
82372456 128
82372584 32
82372616 16
82372632 8
82372640 2
82372642 1
82372643 16384
82389027 2048
82391075 64
82391139 4
82391143 2
82391145 32768
82423913 16384
82440297 8192
82448489 4096
82452585 128
82452713 32
82452745 16
82452761 4
82452765 1
82452766 479325
82932091 2048
82934139 1024
82935163 512
82935675 256
82935931 32
82935963 8
82935971 4
82935975 2
82935977 593763
83529740 65536
83595276 8192
83603468 4096
83607564 64
83607628 32
83607660 8
83607668 4
83607672 1
83607673 159775
83767448 32768
83800216 16384
83816600 2048
83818648 1024
83819672 512
83820184 256
83820440 128
83820568 64
83820632 16
83820648 2
83820650 16384
83837034 8192
83845226 2048
83847274 512
83847786 256
83848042 4
83848046 2
83848048 16384
83864432 8192
83872624 4096
83876720 128
83876848 8
83876856 1
83876857 147456
84024313 512
84024825 256
84025081 128
84025209 64
84025273 2
84025275 1
84025276 159775
84185051 32768
84217819 16384
84234203 8192
84242395 4096
84246491 2048
84248539 1024
84249563 512
84250075 256
84250331 64
84250395 16
84250411 8
84250419 4
84250423 2
84250425 1
84250426 16384
84266810 8192
84275002 1024
84276026 256
84276282 128
84276410 32
84276442 16
84276458 479325
84755783 8192
84763975 512
84764487 256
84764743 128
84764871 64
84764935 4
84764939 2
84764941 159775
84924716 32768
84957484 16384
84973868 8192
84982060 4096
84986156 128
84986284 32
84986316 16
84986332 4
84986336 1
84986337 65536
85051873 32768
85084641 16384
85101025 8192
85109217 2048
85111265 1024
85112289 512
85112801 256
85113057 128
85113185 64
85113249 16
85113265 4
85113269 2
85113271 65536
85178807 32768
85211575 8192
85219767 4096
85223863 2048
85225911 256
85226167 32
85226199 4
85226203 65536
85291739 32768
85324507 16384
85340891 2048
85342939 1024
85343963 512
85344475 256
85344731 64
85344795 32
85344827 8
85344835 1
85344836 4096
85348932 2048
85350980 1024
85352004 32
85352036 4
85352040 1
85352041 902548
86254589 65536
86320125 32768
86352893 16384
86369277 16
86369293 4
86369297 2
86369299 1
86369300 16384
86385684 8192
86393876 2048
86395924 1024
86396948 32
86396980 1
86396981 147456
86544437 4096
86548533 2048
86550581 1024
86551605 512
86552117 256
86552373 128
86552501 8
86552509 4
86552513 32768
86585281 2048
86587329 512
86587841 256
86588097 128
86588225 32
86588257 16
86588273 1
86588274 32768
86621042 16384
86637426 8192
86645618 4096
86649714 2048
86651762 1024
86652786 8
86652794 2
86652796 1
86652797 147456
86800253 2048
86802301 512
86802813 32
86802845 8
86802853 319550
87122403 65536
87187939 32768
87220707 2048
87222755 1024
87223779 512
87224291 256
87224547 128
87224675 64
87224739 8
87224747 2
87224749 32768
87257517 16384
87273901 8192
87282093 2048
87284141 512
87284653 16
87284669 8
87284677 32768
87317445 16384
87333829 8192
87342021 4096
87346117 512
87346629 256
87346885 32
87346917 8
87346925 4
87346929 159775
87506704 147456
87654160 4096
87658256 1024
87659280 512
87659792 32
87659824 8
87659832 2
87659834 1
87659835 16384
87676219 8192
87684411 4096
87688507 2048
87690555 1024
87691579 512
87692091 128
87692219 64
87692283 32
87692315 16
87692331 4
87692335 1
87692336 8192
87700528 4096
87704624 128
87704752 64
87704816 32
87704848 4
87704852 2
87704854 1
87704855 65536
87770391 8192
87778583 2048
87780631 128
87780759 64
87780823 16
87780839 4
87780843 2
87780845 65536
87846381 32768
87879149 16384
87895533 2048
87897581 1024
87898605 256
87898861 128
87898989 64
87899053 32
87899085 16
87899101 8
87899109 65536
87964645 512
87965157 64
87965221 32
87965253 8
87965261 1
87965262 32768
87998030 2048
88000078 1024
88001102 256
88001358 128
88001486 32
88001518 32768
88034286 16384
88050670 4096
88054766 2048
88056814 1024
88057838 128
88057966 16
88057982 8
88057990 4
88057994 2
88057996 8192
88066188 2048
88068236 512
88068748 32
88068780 2
88068782 1
88068783 32768
88101551 8192
88109743 4096
88113839 2048
88115887 512
88116399 256
88116655 128
88116783 8
88116791 2
88116793 1
88116794 159775
88276569 512
88277081 128
88277209 32
88277241 16
88277257 8
88277265 4
88277269 2
88277271 159775
88437046 32768
88469814 8192
88478006 1024
88479030 512
88479542 128
88479670 64
88479734 32
88479766 8
88479774 4
88479778 2
88479780 1
88479781 159775
88639556 65536
88705092 32768
88737860 2048
88739908 256
88740164 128
88740292 1
88740293 319550
89059843 65536
89125379 32768
89158147 8192
89166339 4096
89170435 1024
89171459 64
89171523 16
89171539 8
89171547 4
89171551 1
89171552 159775
89331327 32768
89364095 16384
89380479 8192
89388671 2048
89390719 256
89390975 128
89391103 64
89391167 16
89391183 8
89391191 2
89391193 159775
89550968 65536
89616504 32768
89649272 4096
89653368 1024
89654392 512
89654904 16
89654920 1
89654921 65536
89720457 8192
89728649 4096
89732745 2048
89734793 1024
89735817 128
89735945 64
89736009 32
89736041 8
89736049 4
89736053 2
89736055 1
89736056 131072
89867128 8192
89875320 4096
89879416 512
89879928 64
89879992 16
89880008 4
89880012 2
89880014 1
89880015 32768
89912783 2048
89914831 1024
89915855 512
89916367 128
89916495 16
89916511 8
89916519 4
89916523 2
89916525 1
89916526 65536
89982062 16384
89998446 8192
90006638 2048
90008686 1024
90009710 256
90009966 16
90009982 8
90009990 4
90009994 4096
90014090 2048
90016138 1024
90017162 16
90017178 8
90017186 1
90017187 159775
90176962 2048
90179010 256
90179266 32
90179298 16
90179314 8
90179322 4
90179326 2
90179328 65536
90244864 4096
90248960 2048
90251008 1024
90252032 256
90252288 128
90252416 16
90252432 2
90252434 65536
90317970 32768
90350738 16384
90367122 8192
90375314 4096
90379410 32
90379442 16
90379458 2
90379460 131072
90510532 8192
90518724 2048
90520772 1024
90521796 512
90522308 16
90522324 4
90522328 2
90522330 159775
90682105 16384
90698489 256
90698745 64
90698809 32
90698841 16
90698857 2
90698859 319550
91018409 65536
91083945 32768
91116713 8192
91124905 4096
91129001 2048
91131049 1024
91132073 256
91132329 128
91132457 8
91132465 1
91132466 319550
91452016 16384
91468400 8192
91476592 4096
91480688 2048
91482736 256
91482992 64
91483056 32
91483088 16
91483104 1
91483105 32768
91515873 4096
91519969 1024
91520993 512
91521505 256
91521761 128
91521889 64
91521953 16
91521969 1
91521970 319550
91841520 147456
91988976 4096
91993072 2048
91995120 512
91995632 128
91995760 16
91995776 4
91995780 2
91995782 65536
92061318 2048
92063366 1024
92064390 512
92064902 256
92065158 32
92065190 16
92065206 4
92065210 32768
92097978 16384
92114362 8192
92122554 4096
92126650 2048
92128698 1024
92129722 512
92130234 256
92130490 128
92130618 32
92130650 16
92130666 8
92130674 4
92130678 2
92130680 1
92130681 159775
92290456 158135
92448591 64
92448655 32
92448687 159775
92608462 32768
92641230 2048
92643278 512
92643790 8
92643798 1
92643799 155648
92799447 64
92799511 32
92799543 16
92799559 8
92799567 4
92799571 32768
92832339 8192
92840531 2048
92842579 512
92843091 128
92843219 8
92843227 4
92843231 2
92843233 1
92843234 159775
93003009 32768
93035777 16384
93052161 8192
93060353 4096
93064449 512
93064961 32
93064993 8
93065001 1
93065002 65536
93130538 32768
93163306 16384
93179690 4096
93183786 2048
93185834 512
93186346 128
93186474 64
93186538 32
93186570 4
93186574 1
93186575 131072
93317647 8192
93325839 2048
93327887 128
93328015 32
93328047 8
93328055 319550
93647605 65536
93713141 8192
93721333 2048
93723381 1024
93724405 512
93724917 128
93725045 16
93725061 8
93725069 4
93725073 2
93725075 1
93725076 159775
93884851 65536
93950387 16384
93966771 8192
93974963 4096
93979059 256
93979315 128
93979443 32
93979475 16
93979491 4
93979495 2
93979497 1
93979498 32768
94012266 8192
94020458 1024
94021482 512
94021994 8
94022002 4
94022006 2
94022008 1
94022009 65536
94087545 16384
94103929 4096
94108025 2048
94110073 1024
94111097 8
94111105 2
94111107 1
94111108 159775
94270883 65536
94336419 32768
94369187 8192
94377379 2048
94379427 256
94379683 128
94379811 32
94379843 131072
94510915 8192
94519107 4096
94523203 512
94523715 64
94523779 16
94523795 2
94523797 65536
94589333 8192
94597525 2048
94599573 512
94600085 32
94600117 16
94600133 4
94600137 2
94600139 65536
94665675 32768
94698443 2048
94700491 512
94701003 64
94701067 32
94701099 8
94701107 902548
95603655 65536
95669191 32768
95701959 8192
95710151 1024
95711175 256
95711431 128
95711559 64
95711623 32
95711655 8
95711663 2
95711665 1
95711666 16384
95728050 8192
95736242 4096
95740338 2048
95742386 64
95742450 8
95742458 4
95742462 1
95742463 32768
95775231 8192
95783423 4096
95787519 2048
95789567 512
95790079 256
95790335 64
95790399 32
95790431 8
95790439 2
95790441 8192
95798633 4096
95802729 2048
95804777 512
95805289 256
95805545 64
95805609 32
95805641 16
95805657 8
95805665 2
95805667 1
95805668 65536
95871204 32768
95903972 16384
95920356 4096
95924452 2048
95926500 1024
95927524 256
95927780 32
95927812 16
95927828 8
95927836 4
95927840 1
95927841 65536
95993377 128
95993505 64
95993569 8
95993577 4
95993581 1
95993582 65536
96059118 16384
96075502 1024
96076526 256
96076782 32
96076814 16
96076830 2
96076832 1
96076833 319550
96396383 32768
96429151 16384
96445535 8192
96453727 2048
96455775 1024
96456799 32
96456831 4
96456835 1
96456836 32768
96489604 4096
96493700 1024
96494724 512
96495236 128
96495364 64
96495428 32
96495460 16
96495476 8
96495484 4
96495488 159775
96655263 32768
96688031 16384
96704415 8192
96712607 4096
96716703 512
96717215 128
96717343 16
96717359 8
96717367 2
96717369 16384
96733753 8192
96741945 2048
96743993 64
96744057 2
96744059 1
96744060 593763
97337823 65536
97403359 16384
97419743 4096
97423839 256
97424095 32
97424127 32768
97456895 1024
97457919 256
97458175 128
97458303 64
97458367 32
97458399 16
97458415 8
97458423 2
97458425 319550
97777975 65536
97843511 32768
97876279 16384
97892663 4096
97896759 128
97896887 32
97896919 16
97896935 4
97896939 2
97896941 1
97896942 4096
97901038 1024
97902062 256
97902318 32
97902350 16
97902366 8
97902374 2
97902376 65536
97967912 32768
98000680 16384
98017064 2048
98019112 1024
98020136 256
98020392 128
98020520 64
98020584 32
98020616 8
98020624 4
98020628 32768
98053396 16384
98069780 2048
98071828 1024
98072852 512
98073364 128
98073492 32
98073524 4
98073528 2
98073530 65536
98139066 32768
98171834 16384
98188218 8192
98196410 4096
98200506 1024
98201530 128
98201658 64
98201722 16
98201738 4
98201742 65536
98267278 32768
98300046 4096
98304142 2048
98306190 1024
98307214 256
98307470 64
98307534 32
98307566 4
98307570 8192
98315762 2048
98317810 1024
98318834 512
98319346 64
98319410 32
98319442 16
98319458 4
98319462 131072
98450534 2048
98452582 1024
98453606 32
98453638 16
98453654 8
98453662 4
98453666 2
98453668 16384
98470052 4096
98474148 2048
98476196 1024
98477220 512
98477732 128
98477860 32
98477892 8
98477900 1
98477901 159671
98637572 32
98637604 8
98637612 1
98637613 593763
99231376 32768
99264144 4096
99268240 2048
99270288 1024
99271312 128
99271440 64
99271504 32
99271536 8
99271544 159775
99431319 65536
99496855 32768
99529623 8192
99537815 4096
99541911 128
99542039 16
99542055 4
99542059 1
99542060 159775
99701835 131072
99832907 4096
99837003 1024
99838027 256
99838283 2
99838285 131072
99969357 4096
99973453 2048
99975501 1024
99976525 256
99976781 128
99976909 8
99976917 4
99976921 1
