548
1 1
2 2
4 4
8 8
16 16
32 32
64 64
128 128
256 128
384 64
448 32
480 16
496 4
500 1
501 2
503 64
567 32
599 8
607 128
735 64
799 8
807 2
809 64
873 4
877 8
885 4
889 1
890 32
922 16
938 8
946 4
950 1
951 32
983 16
999 8
1007 16
1023 4
1027 1
1028 32
1060 8
1068 4
1072 2
1074 16
1090 128
1218 32
1250 16
1266 8
1274 4
1278 2
1280 1
1281 64
1345 4
1349 2
1351 64
1415 32
1447 8
1455 1
1456 32
1488 8
1496 2
1498 1
1499 2
1501 1
1502 64
1566 1
1567 128
1695 2
1697 1
1698 64
1762 32
1794 8
1802 256
2058 64
2122 16
2138 4
2142 1
2143 64
2207 8
2215 4
2219 2
2221 1
2222 128
2350 64
2414 8
2422 2
2424 128
2552 8
2560 4
2564 2
2566 1
2567 128
2695 64
2759 16
2775 8
2783 4
2787 2
2789 256
3045 64
3109 32
3141 16
3157 4
3161 1
3162 64
3226 8
3234 4
3238 2
3240 3240
6480 599
7079 2
7081 1802
8883 64
8947 4
8951 1
8952 64
9016 32
9048 2
9050 9050
18100 18100
36200 36200
72400 72400
144800 144800
289600 289600
579200 579200
1158400 1158400
2316800 1158400
3475200 72400
3547600 18100
3565700 3240
3568940 2789
3571729 128
3571857 32
3571889 8
3571897 289600
3861497 72400
3933897 7081
3940978 607
3941585 64
3941649 4
3941653 1
3941654 144800
4086454 72400
4158854 36200
4195054 9050
4204104 3240
4207344 64
4207408 16
4207424 4
4207428 1
4207429 1158400
5365829 579200
5945029 36200
5981229 128
5981357 64
5981421 32
5981453 16
5981469 4
5981473 2
5981475 1
5981476 289600
6271076 144800
6415876 72400
6488276 18100
6506376 3240
6509616 2695
6512311 32
6512343 16
6512359 8
6512367 1
6512368 1158400
7670768 144800
7815568 72400
7887968 36200
7924168 2789
7926957 64
7927021 32
7927053 16
7927069 4
7927073 2
7927075 579200
8506275 289600
8795875 72400
8868275 36200
8904475 18100
8922575 1802
8924377 128
8924505 32
8924537 16
8924553 8
8924561 4
8924565 2
8924567 289600
9214167 1281
9215448 8
9215456 579200
9794656 9050
9803706 3240
9806946 890
9807836 8
9807844 1
9807845 9807845
19615690 1158400
20774090 72400
20846490 18100
20864590 2789
20867379 32
20867411 8
20867419 4
20867423 1
20867424 2316800
23184224 579200
23763424 289600
24053024 36200
24089224 18100
24107324 9050
24116374 7081
24123455 64
24123519 16
24123535 8
24123543 2
24123545 1
24123546 1158400
25281946 289600
25571546 72400
25643946 36200
25680146 8883
25689029 16
25689045 8
25689053 2
25689055 1
25689056 20867424
46556480 289600
46846080 72400
46918480 36200
46954680 18100
46972780 9050
46981830 3240
46985070 1802
46986872 128
46987000 64
46987064 1
46987065 7927075
54914140 144800
55058940 36200
55095140 2567
55097707 64
55097771 8
55097779 4
55097783 1
55097784 9807845
64905629 2316800
67222429 579200
67801629 289600
68091229 144800
68236029 72400
68308429 36200
68344629 1567
68346196 32
68346228 4
68346232 2
68346234 8506275
76852509 36200
76888709 2424
76891133 64
76891197 32
76891229 4
76891233 2
76891235 1
76891236 579200
77470436 289600
77760036 9050
77769086 7081
77776167 1567
77777734 32
77777766 8
77777774 2
77777776 1
77777777 289600
78067377 36200
78103577 18100
78121677 2567
78124244 64
78124308 32
78124340 8
78124348 2
78124350 9807845
87932195 579200
88511395 289600
88800995 144800
88945795 72400
89018195 36200
89054395 18100
89072495 3240
89075735 3238
89078973 1
89078974 2316800
91395774 72400
91468174 36200
91504374 18100
91522474 9050
91531524 3045
91534569 4
91534573 2
91534575 1
91534576 2316800
93851376 144800
93996176 72400
94068576 36200
94104776 18100
94122876 567
94123443 16
94123459 4
94123463 2
94123465 2316800
96440265 579200
97019465 144800
97164265 36200
97200465 18100
97218565 9050
97227615 3240
97230855 384
97231239 8
97231247 4207429
101438676 144800
101583476 72400
101655876 9050
101664926 7081
101672007 1567
101673574 64
101673638 32
101673670 8
101673678 579200
102252878 289600
102542478 72400
102614878 36200
102651078 18100
102669178 9050
102678228 7081
102685309 1488
102686797 102686797
205373594 4207429
209581023 144800
209725823 72400
209798223 36200
209834423 9050
209843473 1802
209845275 32
209845307 16
209845323 8
209845331 2
209845333 1
209845334 9807845
219653179 8924567
228577746 72400
228650146 18100
228668246 9050
228677296 1794
228679090 4
228679094 2
228679096 1
228679097 3571897
232250994 36200
232287194 18100
232305294 9050
232314344 8883
232323227 4
232323231 1
232323232 9807845
242131077 1158400
243289477 579200
243868677 289600
244158277 144800
244303077 72400
244375477 36200
244411677 18100
244429777 9050
244438827 3240
244442067 2350
244444417 16
244444433 8
244444441 4
244444445 2
244444447 25689056
270133503 9807845
279941348 8924567
288865915 144800
289010715 72400
289083115 36200
289119315 3240
289122555 890
289123445 8
289123453 2
289123455 1
289123456 9215456
298338912 289600
298628512 72400
298700912 36200
298737112 18100
298755212 9050
298764262 1090
298765352 64
298765416 16
298765432 1158400
299923832 72400
299996232 3240
299999472 503
299999975 16
299999991 8
299999999 2
300000001 9807845
309807846 1158400
310966246 144800
311111046 64
311111110 2
311111112 1
311111113 46556480
357667593 144800
357812393 72400
357884793 18100
357902893 9050
357911943 1567
357913510 64
357913574 4
357913578 1
357913579 24123546
382037125 289600
382326725 144800
382471525 36200
382507725 3240
382510965 128
382511093 32
382511125 8
382511133 9807845
392318978 4207429
396526407 579200
397105607 289600
397395207 36200
397431407 18100
397449507 9050
397458557 6480
397465037 128
397465165 32
397465197 8
397465205 4
397465209 1
397465210 7815568
405280778 36200
405316978 18100
405335078 9050
405344128 1567
405345695 64
405345759 16
405345775 8
405345783 25689056
431034839 9807845
440842684 3571897
444414581 18100
444432681 9050
444441731 2695
444444426 16
444444442 2
444444444 55097784
499542228 1158400
500700628 289600
500990228 144800
501135028 36200
501171228 18100
501189328 9050
501198378 3240
501201618 607
501202225 64
501202289 8
501202297 4
501202301 2
501202303 1
501202304 25689056
526891360 2316800
529208160 289600
529497760 144800
529642560 36200
529678760 18100
529696860 3240
529700100 256
529700356 64
529700420 4
529700424 1
529700425 78124350
607824775 2316800
610141575 579200
610720775 144800
610865575 72400
610937975 36200
610974175 32
610974207 4
610974211 19615690
630589901 289600
630879501 72400
630951901 18100
630970001 8883
630978884 32
630978916 16
630978932 8
630978940 4
630978944 2
630978946 20867424
651846370 289600
652135970 72400
652208370 18100
652226470 9050
652235520 448
652235968 4
652235972 2
652235974 1
652235975 55097784
707333759 2316800
709650559 18100
709668659 9050
709677709 607
709678316 8
709678324 1
709678325 25689056
735367381 2316800
737684181 579200
738263381 289600
738552981 9050
738562031 3240
738565271 2567
738567838 32
738567870 16
738567886 4
738567890 2
738567892 1
738567893 1158400
739726293 289600
740015893 144800
740160693 72400
740233093 1567
740234660 8
740234668 4
740234672 20867424
761102096 72400
761174496 36200
761210696 18100
761228796 9050
761237846 8883
761246729 32
761246761 16
761246777 2
761246779 1
